timestamp,confidence_right,confidence_left,diameter_right,diameter_left
1706090872284,0,0,0.0,0.0
1706090872301,0,0,0.0,0.0
1706090872316,0,0,0.0,0.0
1706090872334,0,0,0.0,0.0
1706090872349,0,0,0.0,0.0
1706090872367,0,0,0.0,0.0
1706090872385,0,0,0.0,0.0
1706090872399,0,0,0.0,0.0
1706090872414,0,0,0.0,0.0
1706090872432,0,0,0.0,0.0
1706090872450,0,0,0.0,0.0
1706090872462,0,0,0.0,0.0
1706090872480,0,0,0.0,0.0
1706090872495,0,0,0.0,0.0
1706090872513,0,0,0.0,0.0
1706090872528,0,0,0.0,0.0
1706090872546,0,0,0.0,0.0
1706090872564,0,0,0.0,0.0
1706090872582,0,0,0.0,0.0
1706090872597,0,0,0.0,0.0
1706090872611,0,0,0.0,0.0
1706090872626,0,0,0.0,0.0
1706090872646,0,0,0.0,0.0
1706090872661,0,0,0.0,0.0
1706090872679,0,0,0.0,0.0
1706090872694,0,0,0.0,0.0
1706090872711,0,0,0.0,0.0
1706090872726,0,0,0.0,0.0
1706090872747,0,0,0.0,0.0
1706090872759,0,0,0.0,0.0
1706090872774,0,0,0.0,0.0
1706090872792,0,0,0.0,0.0
1706090872810,0,0,0.0,0.0
1706090872825,0,0,0.0,0.0
1706090872843,0,0,0.0,0.0
1706090872858,0,0,0.0,0.0
1706090872873,0,0,0.0,0.0
1706090872894,0,0,0.0,0.0
1706090872909,0,0,0.0,0.0
1706090872920,0,0,0.0,0.0
1706090872938,0,0,0.0,0.0
1706090872950,0,0,0.0,0.0
1706090872968,0,0,0.0,0.0
1706090872986,0,0,0.0,0.0
1706090873001,0,0,0.0,0.0
1706090873016,0,0,0.0,0.0
1706090873037,0,0,0.0,0.0
1706090873049,0,0,0.0,0.0
1706090873067,0,0,0.0,0.0
1706090873082,0,0,0.0,0.0
1706090873097,0,0,0.0,0.0
1706090873115,0,0,0.0,0.0
1706090873133,0,0,0.0,0.0
1706090873148,0,0,0.0,0.0
1706090873163,0,0,0.0,0.0
1706090873181,0,0,0.0,0.0
1706090873196,0,0,0.0,0.0
1706090873211,0,0,0.0,0.0
1706090873229,0,0,0.0,0.0
1706090873244,0,0,0.0,0.0
1706090873262,0,0,0.0,0.0
1706090873278,0,0,0.0,0.0
1706090873296,0,0,0.0,0.0
1706090873311,0,0,0.0,0.0
1706090873329,0,0,0.0,0.0
1706090873344,0,0,0.0,0.0
1706090873361,0,0,0.0,0.0
1706090873372,0,0,0.0,0.0
1706090873393,0,0,0.0,0.0
1706090873411,0,0,0.0,0.0
1706090873426,0,0,0.0,0.0
1706090873444,0,0,0.0,0.0
1706090873459,0,0,0.0,0.0
1706090873474,0,0,0.0,0.0
1706090873489,0,0,0.0,0.0
1706090873504,0,0,0.0,0.0
1706090873525,0,0,0.0,0.0
1706090873534,0,0,0.0,0.0
1706090873555,0,0,0.0,0.0
1706090873567,0,0,0.0,0.0
1706090873588,0,0,0.0,0.0
1706090873603,0,0,0.0,0.0
1706090873618,0,0,0.0,0.0
1706090873639,0,3,0.0,4.433271
1706090873657,3,3,4.545809,4.444585
1706090873669,3,3,4.451924,4.438093
1706090873687,3,3,4.473798,4.530827
1706090873699,3,3,4.335855,4.551895
1706090873717,3,3,4.377053,4.615095
1706090873734,3,3,4.434447,4.647426
1706090873750,3,3,4.430985,4.719368
1706090873765,3,3,4.551113,4.678168
1706090873780,3,3,4.56663,4.758354
1706090873797,3,3,4.675225,4.773242
1706090873815,3,3,4.692769,4.66463
1706090873830,3,3,4.789967,4.610515
1706090873845,3,3,4.855414,4.537282
1706090873862,3,3,4.892202,4.502766
1706090873877,3,3,4.937602,4.509854
1706090873895,3,3,4.878516,4.545281
1706090873913,3,3,4.764908,4.651153
1706090873928,3,3,4.765463,4.695566
1706090873946,3,3,4.747862,4.76969
1706090873963,3,3,4.742546,4.747868
1706090873977,3,3,4.733298,4.633063
1706090873994,3,3,4.660762,4.688608
1706090874009,3,3,4.682382,4.587772
1706090874024,3,3,4.645282,4.593113
1706090874039,3,0,4.638566,0.0
1706090874060,3,0,4.616768,0.0
1706090874075,3,0,4.592983,0.0
1706090874090,3,0,4.587343,0.0
1706090874105,3,0,4.611846,0.0
1706090874123,3,0,4.597336,0.0
1706090874144,3,0,4.559427,0.0
1706090874156,3,0,4.538346,0.0
1706090874168,0,0,0.0,0.0
1706090874186,3,0,4.342077,0.0
1706090874204,3,0,4.320875,0.0
1706090874221,0,0,0.0,0.0
1706090874235,0,0,0.0,0.0
1706090874249,3,0,4.569498,0.0
1706090874267,3,0,4.524788,0.0
1706090874282,3,0,4.620032,0.0
1706090874302,3,3,4.661556,4.267708
1706090874317,3,3,4.689763,3.784385
1706090874332,3,0,4.692781,0.0
1706090874349,3,0,4.795382,0.0
1706090874366,0,0,0.0,0.0
1706090874378,0,0,0.0,0.0
1706090874393,0,0,0.0,0.0
1706090874411,0,0,0.0,0.0
1706090874426,0,0,0.0,0.0
1706090874444,0,0,0.0,0.0
1706090874461,0,0,0.0,0.0
1706090874476,0,0,0.0,0.0
1706090874493,0,0,0.0,0.0
1706090874508,0,0,0.0,0.0
1706090874526,0,0,0.0,0.0
1706090874541,0,0,0.0,0.0
1706090874559,0,0,0.0,0.0
1706090874574,0,0,0.0,0.0
1706090874591,0,0,0.0,0.0
1706090874608,0,0,0.0,0.0
1706090874620,0,0,0.0,0.0
1706090874638,0,0,0.0,0.0
1706090874653,0,0,0.0,0.0
1706090874669,0,0,0.0,0.0
1706090874687,0,0,0.0,0.0
1706090874702,0,0,0.0,0.0
1706090874722,0,0,0.0,0.0
1706090874737,0,0,0.0,0.0
1706090874752,0,0,0.0,0.0
1706090874769,0,0,0.0,0.0
1706090874784,0,0,0.0,0.0
1706090874801,0,0,0.0,0.0
1706090874815,0,0,0.0,0.0
1706090874832,0,0,0.0,0.0
1706090874849,0,0,0.0,0.0
1706090874864,0,0,0.0,0.0
1706090874882,0,0,0.0,0.0
1706090874897,0,0,0.0,0.0
1706090874915,0,0,0.0,0.0
1706090874930,0,0,0.0,0.0
1706090874945,0,0,0.0,0.0
1706090874960,0,0,0.0,0.0
1706090874979,0,0,0.0,0.0
1706090874994,0,0,0.0,0.0
1706090875012,0,0,0.0,0.0
1706090875027,0,0,0.0,0.0
1706090875044,0,0,0.0,0.0
1706090875062,0,0,0.0,0.0
1706090875077,0,0,0.0,0.0
1706090875095,0,0,0.0,0.0
1706090875109,0,0,0.0,0.0
1706090875124,0,0,0.0,0.0
1706090875139,0,0,0.0,0.0
1706090875156,0,0,0.0,0.0
1706090875174,0,0,0.0,0.0
1706090875191,0,0,0.0,0.0
1706090875206,0,0,0.0,0.0
1706090875221,0,0,0.0,0.0
1706090875241,0,0,0.0,0.0
1706090875253,0,0,0.0,0.0
1706090875270,0,0,0.0,0.0
1706090875288,0,0,0.0,0.0
1706090875305,0,0,0.0,0.0
1706090875320,0,0,0.0,0.0
1706090875338,0,0,0.0,0.0
1706090875350,0,0,0.0,0.0
1706090875371,0,0,0.0,0.0
1706090875386,0,0,0.0,0.0
1706090875404,0,0,0.0,0.0
1706090875419,0,0,0.0,0.0
1706090875437,0,0,0.0,0.0
1706090875452,0,0,0.0,0.0
1706090875468,0,0,0.0,0.0
1706090875483,0,0,0.0,0.0
1706090875501,0,0,0.0,0.0
1706090875515,0,0,0.0,0.0
1706090875538,0,0,0.0,0.0
1706090875547,0,0,0.0,0.0
1706090875565,0,0,0.0,0.0
1706090875580,0,0,0.0,0.0
1706090875598,0,0,0.0,0.0
1706090875614,0,0,0.0,0.0
1706090875631,0,0,0.0,0.0
1706090875646,0,0,0.0,0.0
1706090875663,0,0,0.0,0.0
1706090875681,0,0,0.0,0.0
1706090875696,0,0,0.0,0.0
1706090875711,0,0,0.0,0.0
1706090875729,0,0,0.0,0.0
1706090875744,0,0,0.0,0.0
1706090875762,0,0,0.0,0.0
1706090875777,0,0,0.0,0.0
1706090875795,0,0,0.0,0.0
1706090875810,0,0,0.0,0.0
1706090875828,0,0,0.0,0.0
1706090875845,0,0,0.0,0.0
1706090875859,0,0,0.0,0.0
1706090875874,0,0,0.0,0.0
1706090875892,0,0,0.0,0.0
1706090875904,0,0,0.0,0.0
1706090875925,0,0,0.0,0.0
1706090875940,0,0,0.0,0.0
1706090875955,0,0,0.0,0.0
1706090875970,0,0,0.0,0.0
1706090875987,0,0,0.0,0.0
1706090876002,0,0,0.0,0.0
1706090876023,0,0,0.0,0.0
1706090876035,0,0,0.0,0.0
1706090876053,0,0,0.0,0.0
1706090876068,0,0,0.0,0.0
1706090876086,0,0,0.0,0.0
1706090876101,0,0,0.0,0.0
1706090876119,0,0,0.0,0.0
1706090876133,0,0,0.0,0.0
1706090876151,0,0,0.0,0.0
1706090876166,0,0,0.0,0.0
1706090876181,0,0,0.0,0.0
1706090876198,0,0,0.0,0.0
1706090876213,0,0,0.0,0.0
1706090876230,0,0,0.0,0.0
1706090876250,0,0,0.0,0.0
1706090876261,0,0,0.0,0.0
1706090876278,0,0,0.0,0.0
1706090876295,0,0,0.0,0.0
1706090876310,0,0,0.0,0.0
1706090876328,0,0,0.0,0.0
1706090876343,0,0,0.0,0.0
1706090876358,0,0,0.0,0.0
1706090876376,0,0,0.0,0.0
1706090876393,0,0,0.0,0.0
1706090876417,0,0,0.0,0.0
1706090876428,0,0,0.0,0.0
1706090876442,0,0,0.0,0.0
1706090876460,0,0,0.0,0.0
1706090876475,0,0,0.0,0.0
1706090876490,0,0,0.0,0.0
1706090876510,0,0,0.0,0.0
1706090876522,0,0,0.0,0.0
1706090876539,0,0,0.0,0.0
1706090876557,0,0,0.0,0.0
1706090876575,3,0,3.401308,0.0
1706090876587,3,0,3.407117,0.0
1706090876604,3,0,3.45926,0.0
1706090876619,3,0,3.581816,0.0
1706090876637,3,0,3.706411,0.0
1706090876655,3,0,3.709586,0.0
1706090876667,3,0,3.746381,0.0
1706090876685,3,0,3.752307,0.0
1706090876700,3,0,3.838573,0.0
1706090876720,3,0,3.903001,0.0
1706090876734,3,0,3.904346,0.0
1706090876749,3,0,3.879596,0.0
1706090876766,3,0,3.924698,0.0
1706090876784,3,0,3.948814,0.0
1706090876801,3,0,3.907073,0.0
1706090876815,3,0,3.963381,0.0
1706090876830,3,0,3.942255,0.0
1706090876848,3,0,3.932063,0.0
1706090876866,3,0,4.055267,0.0
1706090876884,3,3,4.136629,3.90304
1706090876899,3,3,3.974062,3.905118
1706090876917,3,3,4.026089,3.931904
1706090876932,3,3,4.010274,3.911439
1706090876950,3,3,4.039642,4.002679
1706090876965,3,3,3.936407,4.076874
1706090876980,3,3,4.003119,4.187746
1706090876995,3,0,4.030966,0.0
1706090877009,3,3,4.016781,4.259546
1706090877027,0,0,0.0,0.0
1706090877042,3,3,3.965851,4.254785
1706090877057,3,0,4.005509,0.0
1706090877075,3,0,3.995231,0.0
1706090877096,3,0,4.158158,0.0
1706090877108,3,3,4.171439,3.997877
1706090877123,3,0,4.092961,0.0
1706090877140,3,3,4.196214,4.234724
1706090877155,3,0,4.220287,0.0
1706090877175,3,3,4.309717,4.779493
1706090877187,3,0,4.338505,0.0
1706090877204,3,3,4.289759,4.524978
1706090877222,3,0,4.272486,0.0
1706090877237,3,3,4.259695,4.909059
1706090877255,3,0,4.344497,0.0
1706090877270,3,3,4.413016,4.894046
1706090877285,3,0,4.420303,0.0
1706090877300,3,3,4.41869,4.437118
1706090877318,3,0,4.335614,0.0
1706090877333,3,3,4.331197,4.720441
1706090877348,3,0,4.426713,0.0
1706090877368,3,0,4.474434,0.0
1706090877383,3,0,4.560864,0.0
1706090877401,3,0,4.745545,0.0
1706090877416,3,0,4.778656,0.0
1706090877430,3,0,4.796173,0.0
1706090877448,3,0,4.820121,0.0
1706090877465,3,0,4.792732,0.0
1706090877480,3,0,4.742855,0.0
1706090877498,3,0,4.81607,0.0
1706090877513,3,0,4.864065,0.0
1706090877530,3,0,4.806351,0.0
1706090877545,3,0,4.738807,0.0
1706090877560,3,0,4.768183,0.0
1706090877580,3,0,4.738468,0.0
1706090877592,3,0,4.70596,0.0
1706090877610,3,0,4.830947,0.0
1706090877627,3,0,4.950709,0.0
1706090877643,3,0,5.025643,0.0
1706090877661,3,0,4.610393,0.0
1706090877678,3,0,4.795922,0.0
1706090877696,3,0,4.495747,0.0
1706090877705,3,0,4.196872,0.0
1706090877726,3,0,4.231691,0.0
1706090877738,3,0,4.147693,0.0
1706090877758,3,0,4.083167,0.0
1706090877773,3,0,4.0769,0.0
1706090877788,3,0,4.182808,0.0
1706090877805,3,0,4.445906,0.0
1706090877823,3,0,4.538339,0.0
1706090877841,3,0,4.46826,0.0
1706090877853,3,0,4.377055,0.0
1706090877868,0,0,0.0,0.0
1706090877883,0,0,0.0,0.0
1706090877898,0,0,0.0,0.0
1706090877916,0,0,0.0,0.0
1706090877933,0,0,0.0,0.0
1706090877948,0,0,0.0,0.0
1706090877962,0,0,0.0,0.0
1706090877981,0,0,0.0,0.0
1706090877996,0,0,0.0,0.0
1706090878011,0,0,0.0,0.0
1706090878031,0,0,0.0,0.0
1706090878044,0,0,0.0,0.0
1706090878061,0,0,0.0,0.0
1706090878079,0,0,0.0,0.0
1706090878093,0,0,0.0,0.0
1706090878110,0,0,0.0,0.0
1706090878128,0,0,0.0,0.0
1706090878143,0,0,0.0,0.0
1706090878158,0,0,0.0,0.0
1706090878173,0,0,0.0,0.0
1706090878191,0,0,0.0,0.0
1706090878206,0,0,0.0,0.0
1706090878224,0,0,0.0,0.0
1706090878239,0,0,0.0,0.0
1706090878257,0,0,0.0,0.0
1706090878272,0,0,0.0,0.0
1706090878290,0,0,0.0,0.0
1706090878304,0,0,0.0,0.0
1706090878321,0,0,0.0,0.0
1706090878338,0,0,0.0,0.0
1706090878353,0,0,0.0,0.0
1706090878368,0,0,0.0,0.0
1706090878386,0,0,0.0,0.0
1706090878401,0,0,0.0,0.0
1706090878419,0,0,0.0,0.0
1706090878434,0,0,0.0,0.0
1706090878449,0,0,0.0,0.0
1706090878466,0,0,0.0,0.0
1706090878484,0,0,0.0,0.0
1706090878498,0,0,0.0,0.0
1706090878516,0,0,0.0,0.0
1706090878537,0,0,0.0,0.0
1706090878549,0,0,0.0,0.0
1706090878564,0,0,0.0,0.0
1706090878579,0,0,0.0,0.0
1706090878597,0,0,0.0,0.0
1706090878612,0,0,0.0,0.0
1706090878630,0,0,0.0,0.0
1706090878647,0,0,0.0,0.0
1706090878662,0,0,0.0,0.0
1706090878677,0,0,0.0,0.0
1706090878701,0,0,0.0,0.0
1706090878710,0,0,0.0,0.0
1706090878724,0,0,0.0,0.0
1706090878742,0,0,0.0,0.0
1706090878759,0,0,0.0,0.0
1706090878777,0,0,0.0,0.0
1706090878792,0,0,0.0,0.0
1706090878807,0,0,0.0,0.0
1706090878822,0,0,0.0,0.0
1706090878839,0,0,0.0,0.0
1706090878855,0,0,0.0,0.0
1706090878873,0,0,0.0,0.0
1706090878891,0,0,0.0,0.0
1706090878908,0,0,0.0,0.0
1706090878926,3,0,3.417182,0.0
1706090878938,0,0,0.0,0.0
1706090878961,3,0,3.431362,0.0
1706090878976,3,0,3.494859,0.0
1706090878987,0,0,0.0,0.0
1706090879005,3,0,2.596002,0.0
1706090879020,3,0,2.596904,0.0
1706090879041,3,0,2.590902,0.0
1706090879056,3,0,2.653904,0.0
1706090879068,0,0,0.0,0.0
1706090879085,0,0,0.0,0.0
1706090879102,3,0,2.578478,0.0
1706090879120,3,0,2.507016,0.0
1706090879135,3,0,2.465963,0.0
1706090879150,3,0,2.42566,0.0
1706090879165,3,0,2.441099,0.0
1706090879183,3,0,2.499033,0.0
1706090879201,3,0,2.810939,0.0
1706090879216,3,0,2.872171,0.0
1706090879231,3,0,2.953988,0.0
1706090879249,3,0,3.068469,0.0
1706090879266,0,0,0.0,0.0
1706090879278,3,0,3.110672,0.0
1706090879293,0,0,0.0,0.0
1706090879311,0,0,0.0,0.0
1706090879326,0,0,0.0,0.0
1706090879344,0,0,0.0,0.0
1706090879362,0,0,0.0,0.0
1706090879377,0,0,0.0,0.0
1706090879392,0,0,0.0,0.0
1706090879409,0,0,0.0,0.0
1706090879424,0,0,0.0,0.0
1706090879442,3,0,3.227586,0.0
1706090879458,0,0,0.0,0.0
1706090879475,0,0,0.0,0.0
1706090879490,0,0,0.0,0.0
1706090879506,0,0,0.0,0.0
1706090879521,0,0,0.0,0.0
1706090879539,0,0,0.0,0.0
1706090879554,0,0,0.0,0.0
1706090879572,0,0,0.0,0.0
1706090879585,0,0,0.0,0.0
1706090879605,0,0,0.0,0.0
1706090879623,0,0,0.0,0.0
1706090879635,0,0,0.0,0.0
1706090879653,0,0,0.0,0.0
1706090879668,0,0,0.0,0.0
1706090879689,0,0,0.0,0.0
1706090879701,3,0,3.409499,0.0
1706090879718,0,0,0.0,0.0
1706090879733,3,0,3.302577,0.0
1706090879751,0,0,0.0,0.0
1706090879769,0,0,0.0,0.0
1706090879784,0,0,0.0,0.0
1706090879802,3,0,3.266376,0.0
1706090879814,0,0,0.0,0.0
1706090879840,0,0,0.0,0.0
1706090879848,0,0,0.0,0.0
1706090879864,0,0,0.0,0.0
1706090879881,0,0,0.0,0.0
1706090879896,0,0,0.0,0.0
1706090879913,0,0,0.0,0.0
1706090879931,0,0,0.0,0.0
1706090879945,0,0,0.0,0.0
1706090879963,0,0,0.0,0.0
1706090879979,0,0,0.0,0.0
1706090879994,0,0,0.0,0.0
1706090880009,0,0,0.0,0.0
1706090880026,0,0,0.0,0.0
1706090880042,0,0,0.0,0.0
1706090880057,0,0,0.0,0.0
1706090880075,0,0,0.0,0.0
1706090880090,0,0,0.0,0.0
1706090880108,0,0,0.0,0.0
1706090880125,0,0,0.0,0.0
1706090880140,0,0,0.0,0.0
1706090880155,0,0,0.0,0.0
1706090880173,0,0,0.0,0.0
1706090880191,0,0,0.0,0.0
1706090880206,0,0,0.0,0.0
1706090880221,0,0,0.0,0.0
1706090880235,0,0,0.0,0.0
1706090880253,0,0,0.0,0.0
1706090880268,0,0,0.0,0.0
1706090880283,0,0,0.0,0.0
1706090880302,0,0,0.0,0.0
1706090880317,0,0,0.0,0.0
1706090880337,0,0,0.0,0.0
1706090880351,0,0,0.0,0.0
1706090880366,0,0,0.0,0.0
1706090880382,0,0,0.0,0.0
1706090880400,0,0,0.0,0.0
1706090880414,0,0,0.0,0.0
1706090880432,0,0,0.0,0.0
1706090880446,0,0,0.0,0.0
1706090880466,0,0,0.0,0.0
1706090880480,0,0,0.0,0.0
1706090880498,0,0,0.0,0.0
1706090880510,0,0,0.0,0.0
1706090880530,0,0,0.0,0.0
1706090880544,0,0,0.0,0.0
1706090880565,0,0,0.0,0.0
1706090880579,0,0,0.0,0.0
1706090880594,0,0,0.0,0.0
1706090880608,0,0,0.0,0.0
1706090880628,0,0,0.0,0.0
1706090880643,0,0,0.0,0.0
1706090880662,0,0,0.0,0.0
1706090880680,0,0,0.0,0.0
1706090880698,0,0,0.0,0.0
1706090880710,0,0,0.0,0.0
1706090880724,0,0,0.0,0.0
1706090880742,0,0,0.0,0.0
1706090880760,0,0,0.0,0.0
1706090880778,0,0,0.0,0.0
1706090880790,0,0,0.0,0.0
1706090880805,0,0,0.0,0.0
1706090880826,0,0,0.0,0.0
1706090880838,0,0,0.0,0.0
1706090880862,3,0,4.57728,0.0
1706090880868,0,0,0.0,0.0
1706090880885,0,0,0.0,0.0
1706090880900,0,0,0.0,0.0
1706090880918,0,0,0.0,0.0
1706090880933,0,0,0.0,0.0
1706090880951,0,0,0.0,0.0
1706090880966,0,0,0.0,0.0
1706090880980,0,0,0.0,0.0
1706090881004,0,0,0.0,0.0
1706090881012,0,0,0.0,0.0
1706090881030,0,0,0.0,0.0
1706090881048,0,0,0.0,0.0
1706090881063,0,0,0.0,0.0
1706090881079,0,0,0.0,0.0
1706090881097,0,0,0.0,0.0
1706090881112,0,0,0.0,0.0
1706090881130,0,0,0.0,0.0
1706090881148,0,0,0.0,0.0
1706090881160,0,0,0.0,0.0
1706090881175,0,0,0.0,0.0
1706090881193,0,0,0.0,0.0
1706090881211,0,0,0.0,0.0
1706090881226,0,0,0.0,0.0
1706090881241,0,0,0.0,0.0
1706090881259,0,0,0.0,0.0
1706090881276,0,0,0.0,0.0
1706090881291,0,0,0.0,0.0
1706090881308,0,0,0.0,0.0
1706090881322,0,0,0.0,0.0
1706090881340,0,0,0.0,0.0
1706090881354,0,0,0.0,0.0
1706090881372,0,0,0.0,0.0
1706090881387,0,0,0.0,0.0
1706090881402,0,0,0.0,0.0
1706090881420,0,0,0.0,0.0
1706090881435,0,0,0.0,0.0
1706090881452,0,0,0.0,0.0
1706090881467,0,0,0.0,0.0
1706090881485,0,0,0.0,0.0
1706090881500,0,0,0.0,0.0
1706090881518,0,0,0.0,0.0
1706090881533,0,0,0.0,0.0
1706090881550,0,0,0.0,0.0
1706090881568,0,0,0.0,0.0
1706090881583,0,0,0.0,0.0
1706090881604,0,0,0.0,0.0
1706090881616,0,0,0.0,0.0
1706090881631,0,0,0.0,0.0
1706090881648,0,0,0.0,0.0
1706090881664,0,0,0.0,0.0
1706090881680,0,0,0.0,0.0
1706090881698,0,0,0.0,0.0
1706090881713,0,0,0.0,0.0
1706090881730,0,0,0.0,0.0
1706090881745,0,0,0.0,0.0
1706090881760,0,0,0.0,0.0
1706090881775,0,0,0.0,0.0
1706090881793,0,0,0.0,0.0
1706090881808,0,0,0.0,0.0
1706090881825,0,0,0.0,0.0
1706090881840,0,0,0.0,0.0
1706090881858,0,0,0.0,0.0
1706090881876,0,0,0.0,0.0
1706090881891,0,0,0.0,0.0
1706090881909,0,0,0.0,0.0
1706090881924,0,0,0.0,0.0
1706090881939,0,0,0.0,0.0
1706090881956,0,0,0.0,0.0
1706090881974,0,0,0.0,0.0
1706090881991,0,0,0.0,0.0
1706090882006,0,0,0.0,0.0
1706090882024,0,0,0.0,0.0
1706090882039,0,0,0.0,0.0
1706090882059,0,0,0.0,0.0
1706090882071,0,0,0.0,0.0
1706090882088,0,0,0.0,0.0
1706090882101,0,0,0.0,0.0
1706090882123,0,0,0.0,0.0
1706090882135,0,0,0.0,0.0
1706090882152,0,0,0.0,0.0
1706090882167,0,0,0.0,0.0
1706090882185,0,0,0.0,0.0
1706090882203,0,0,0.0,0.0
1706090882217,0,0,0.0,0.0
1706090882232,0,0,0.0,0.0
1706090882250,0,0,0.0,0.0
1706090882265,0,0,0.0,0.0
1706090882282,0,0,0.0,0.0
1706090882297,0,0,0.0,0.0
1706090882315,0,0,0.0,0.0
1706090882332,0,0,0.0,0.0
1706090882350,0,0,0.0,0.0
1706090882362,0,0,0.0,0.0
1706090882379,0,0,0.0,0.0
1706090882394,0,0,0.0,0.0
1706090882410,0,0,0.0,0.0
1706090882427,0,0,0.0,0.0
1706090882445,0,0,0.0,0.0
1706090882460,0,0,0.0,0.0
1706090882481,0,0,0.0,0.0
1706090882493,0,0,0.0,0.0
1706090882514,0,0,0.0,0.0
1706090882526,0,0,0.0,0.0
1706090882544,0,0,0.0,0.0
1706090882559,0,0,0.0,0.0
1706090882579,0,0,0.0,0.0
1706090882593,0,0,0.0,0.0
1706090882608,0,3,0.0,3.394544
1706090882623,0,3,0.0,3.465635
1706090882640,0,3,0.0,3.6331
1706090882658,0,3,0.0,3.585582
1706090882670,0,3,0.0,3.860333
1706090882688,0,3,0.0,3.777092
1706090882702,0,3,0.0,3.699784
1706090882720,0,3,0.0,3.716621
1706090882738,0,3,0.0,3.679173
1706090882753,0,3,0.0,3.80605
1706090882770,0,3,0.0,3.885631
1706090882787,0,3,0.0,3.778641
1706090882802,0,3,0.0,3.873606
1706090882820,0,3,0.0,3.689135
1706090882835,0,3,0.0,3.463134
1706090882849,0,3,0.0,3.516123
1706090882867,0,3,0.0,3.592267
1706090882884,0,3,0.0,3.690073
1706090882899,0,3,0.0,3.667374
1706090882914,0,3,0.0,3.728869
1706090882934,0,3,0.0,3.834305
1706090882949,0,3,0.0,3.950498
1706090882965,0,3,0.0,4.160105
1706090882980,0,3,0.0,4.100697
1706090882995,0,3,0.0,4.238965
1706090883012,0,3,0.0,4.323917
1706090883027,0,3,0.0,4.346957
1706090883045,0,3,0.0,4.663485
1706090883060,0,3,0.0,4.638044
1706090883078,0,3,0.0,4.664713
1706090883096,0,3,0.0,4.478414
1706090883110,0,3,0.0,4.33145
1706090883125,0,3,0.0,4.414535
1706090883143,0,3,0.0,4.368872
1706090883160,0,3,0.0,4.297579
1706090883175,0,3,0.0,4.512821
1706090883193,0,3,0.0,4.402894
1706090883207,0,3,0.0,3.906854
1706090883224,0,3,0.0,4.104048
1706090883241,0,3,0.0,4.039007
1706090883256,0,3,0.0,3.974396
1706090883270,0,3,0.0,3.921097
1706090883287,0,3,0.0,3.783832
1706090883305,0,3,0.0,3.843714
1706090883323,0,3,0.0,3.796513
1706090883338,0,3,0.0,3.893054
1706090883353,0,3,0.0,3.973932
1706090883370,0,3,0.0,3.899731
1706090883390,0,3,0.0,3.908805
1706090883402,0,3,0.0,3.901612
1706090883416,0,3,0.0,3.946213
1706090883433,0,3,0.0,3.869358
1706090883450,0,3,0.0,3.935324
1706090883467,0,3,0.0,3.844599
1706090883484,0,3,0.0,4.028971
1706090883502,0,3,0.0,4.073599
1706090883514,0,0,0.0,0.0
1706090883532,0,0,0.0,0.0
1706090883550,0,3,0.0,4.287554
1706090883565,0,3,0.0,4.32315
1706090883577,0,0,0.0,0.0
1706090883602,0,3,0.0,4.342196
1706090883615,0,3,0.0,4.493948
1706090883630,0,3,0.0,4.616085
1706090883645,0,3,0.0,4.524572
1706090883660,0,3,0.0,4.44874
1706090883675,0,0,0.0,0.0
1706090883696,0,3,0.0,4.34049
1706090883708,0,0,0.0,0.0
1706090883726,0,3,0.0,4.2778
1706090883741,0,0,0.0,0.0
1706090883759,0,3,0.0,4.087216
1706090883774,0,0,0.0,0.0
1706090883792,0,3,0.0,4.085698
1706090883807,0,3,0.0,4.505441
1706090883821,0,0,0.0,0.0
1706090883839,0,0,0.0,0.0
1706090883857,0,3,0.0,4.645914
1706090883869,0,0,0.0,0.0
1706090883886,0,0,0.0,0.0
1706090883905,0,0,0.0,0.0
1706090883926,0,3,0.0,2.798314
1706090883938,0,0,0.0,0.0
1706090883953,0,0,0.0,0.0
1706090883970,0,0,0.0,0.0
1706090883987,0,0,0.0,0.0
1706090884002,0,0,0.0,0.0
1706090884017,0,0,0.0,0.0
1706090884032,0,0,0.0,0.0
1706090884050,0,0,0.0,0.0
1706090884065,0,0,0.0,0.0
1706090884083,0,0,0.0,0.0
1706090884101,0,0,0.0,0.0
1706090884113,0,0,0.0,0.0
1706090884131,0,0,0.0,0.0
1706090884145,0,0,0.0,0.0
1706090884163,0,0,0.0,0.0
1706090884178,0,0,0.0,0.0
1706090884198,0,0,0.0,0.0
1706090884213,0,0,0.0,0.0
1706090884227,0,0,0.0,0.0
1706090884245,0,0,0.0,0.0
1706090884260,0,0,0.0,0.0
1706090884278,0,0,0.0,0.0
1706090884293,0,0,0.0,0.0
1706090884308,0,0,0.0,0.0
1706090884326,0,0,0.0,0.0
1706090884343,0,0,0.0,0.0
1706090884360,0,0,0.0,0.0
1706090884375,0,0,0.0,0.0
1706090884390,0,0,0.0,0.0
1706090884408,0,0,0.0,0.0
1706090884423,0,0,0.0,0.0
1706090884438,0,0,0.0,0.0
1706090884456,0,0,0.0,0.0
1706090884471,0,0,0.0,0.0
1706090884489,0,0,0.0,0.0
1706090884504,0,0,0.0,0.0
1706090884522,0,0,0.0,0.0
1706090884539,0,0,0.0,0.0
1706090884551,0,0,0.0,0.0
1706090884569,0,0,0.0,0.0
1706090884584,0,0,0.0,0.0
1706090884602,0,0,0.0,0.0
1706090884619,0,0,0.0,0.0
1706090884634,0,0,0.0,0.0
1706090884649,0,0,0.0,0.0
1706090884667,0,0,0.0,0.0
1706090884682,0,0,0.0,0.0
1706090884700,0,0,0.0,0.0
1706090884715,0,0,0.0,0.0
1706090884729,0,0,0.0,0.0
1706090884746,0,0,0.0,0.0
1706090884764,0,0,0.0,0.0
1706090884779,0,0,0.0,0.0
1706090884797,0,0,0.0,0.0
1706090884812,0,0,0.0,0.0
1706090884829,0,0,0.0,0.0
1706090884847,0,0,0.0,0.0
1706090884859,0,0,0.0,0.0
1706090884877,0,0,0.0,0.0
1706090884895,0,0,0.0,0.0
1706090884910,0,0,0.0,0.0
1706090884927,0,0,0.0,0.0
1706090884942,0,0,0.0,0.0
1706090884957,0,0,0.0,0.0
1706090884977,0,0,0.0,0.0
1706090884992,0,0,0.0,0.0
1706090885007,0,0,0.0,0.0
1706090885028,0,0,0.0,0.0
1706090885045,0,0,0.0,0.0
1706090885057,0,0,0.0,0.0
1706090885075,0,0,0.0,0.0
1706090885090,0,0,0.0,0.0
1706090885108,0,0,0.0,0.0
1706090885126,0,0,0.0,0.0
1706090885138,0,0,0.0,0.0
1706090885153,0,0,0.0,0.0
1706090885171,0,0,0.0,0.0
1706090885186,0,0,0.0,0.0
1706090885203,0,0,0.0,0.0
1706090885221,0,0,0.0,0.0
1706090885239,0,0,0.0,0.0
1706090885253,0,0,0.0,0.0
1706090885271,0,0,0.0,0.0
1706090885282,0,0,0.0,0.0
1706090885300,0,0,0.0,0.0
1706090885315,0,0,0.0,0.0
1706090885336,0,0,0.0,0.0
1706090885347,0,0,0.0,0.0
1706090885365,0,0,0.0,0.0
1706090885383,0,0,0.0,0.0
1706090885400,0,0,0.0,0.0
1706090885415,0,0,0.0,0.0
1706090885430,0,0,0.0,0.0
1706090885445,0,0,0.0,0.0
1706090885462,0,0,0.0,0.0
1706090885480,0,0,0.0,0.0
1706090885497,0,0,0.0,0.0
1706090885509,0,0,0.0,0.0
1706090885530,0,0,0.0,0.0
1706090885542,0,0,0.0,0.0
1706090885560,0,0,0.0,0.0
1706090885574,0,0,0.0,0.0
1706090885592,0,0,0.0,0.0
1706090885606,0,0,0.0,0.0
1706090885628,0,0,0.0,0.0
1706090885643,0,0,0.0,0.0
1706090885658,0,0,0.0,0.0
1706090885675,0,0,0.0,0.0
1706090885690,0,0,0.0,0.0
1706090885711,0,0,0.0,0.0
1706090885722,0,0,0.0,0.0
1706090885737,0,0,0.0,0.0
1706090885755,0,0,0.0,0.0
1706090885770,0,0,0.0,0.0
1706090885790,0,0,0.0,0.0
1706090885802,0,0,0.0,0.0
1706090885820,0,0,0.0,0.0
1706090885838,0,0,0.0,0.0
1706090885853,0,0,0.0,0.0
1706090885870,0,0,0.0,0.0
1706090885888,0,0,0.0,0.0
1706090885899,0,0,0.0,0.0
1706090885916,0,0,0.0,0.0
1706090885937,0,0,0.0,0.0
1706090885952,0,0,0.0,0.0
1706090885967,0,0,0.0,0.0
1706090885987,0,0,0.0,0.0
1706090885999,0,0,0.0,0.0
1706090886022,0,0,0.0,0.0
1706090886031,0,0,0.0,0.0
1706090886049,0,0,0.0,0.0
1706090886064,0,0,0.0,0.0
1706090886084,0,0,0.0,0.0
1706090886098,0,0,0.0,0.0
1706090886119,0,0,0.0,0.0
1706090886134,0,0,0.0,0.0
1706090886148,0,0,0.0,0.0
1706090886166,0,0,0.0,0.0
1706090886199,0,0,0.0,0.0
1706090886205,0,0,0.0,0.0
1706090886214,0,0,0.0,0.0
1706090886226,0,0,0.0,0.0
1706090886244,0,0,0.0,0.0
1706090886261,0,0,0.0,0.0
1706090886276,0,0,0.0,0.0
1706090886294,0,0,0.0,0.0
1706090886308,0,0,0.0,0.0
1706090886326,0,0,0.0,0.0
1706090886341,0,0,0.0,0.0
1706090886353,0,0,0.0,0.0
1706090886371,0,0,0.0,0.0
1706090886386,0,0,0.0,0.0
1706090886404,0,0,0.0,0.0
1706090886419,0,0,0.0,0.0
1706090886437,0,0,0.0,0.0
1706090886451,0,0,0.0,0.0
1706090886469,0,0,0.0,0.0
1706090886484,0,0,0.0,0.0
1706090886499,0,0,0.0,0.0
1706090886514,0,0,0.0,0.0
1706090886535,0,0,0.0,0.0
1706090886550,0,0,0.0,0.0
1706090886565,0,0,0.0,0.0
1706090886580,0,0,0.0,0.0
1706090886598,0,0,0.0,0.0
1706090886612,0,0,0.0,0.0
1706090886630,0,0,0.0,0.0
1706090886645,0,0,0.0,0.0
1706090886661,0,0,0.0,0.0
1706090886679,0,0,0.0,0.0
1706090886697,0,0,0.0,0.0
1706090886709,0,0,0.0,0.0
1706090886726,0,0,0.0,0.0
1706090886744,0,0,0.0,0.0
1706090886765,0,0,0.0,0.0
1706090886774,0,0,0.0,0.0
1706090886792,0,0,0.0,0.0
1706090886806,0,0,0.0,0.0
1706090886827,0,0,0.0,0.0
1706090886842,0,0,0.0,0.0
1706090886860,0,0,0.0,0.0
1706090886872,0,0,0.0,0.0
1706090886890,0,0,0.0,0.0
1706090886908,0,0,0.0,0.0
1706090886923,0,0,0.0,0.0
1706090886937,0,0,0.0,0.0
1706090886955,0,0,0.0,0.0
1706090886970,0,0,0.0,0.0
1706090886987,0,0,0.0,0.0
1706090887002,0,0,0.0,0.0
1706090887020,0,0,0.0,0.0
1706090887035,0,0,0.0,0.0
1706090887056,0,0,0.0,0.0
1706090887068,0,0,0.0,0.0
1706090887084,0,0,0.0,0.0
1706090887098,0,0,0.0,0.0
1706090887116,0,0,0.0,0.0
1706090887133,0,0,0.0,0.0
1706090887150,0,0,0.0,0.0
1706090887165,0,0,0.0,0.0
1706090887180,0,0,0.0,0.0
1706090887198,0,0,0.0,0.0
1706090887222,0,0,0.0,0.0
1706090887228,0,0,0.0,0.0
1706090887245,0,0,0.0,0.0
1706090887263,0,0,0.0,0.0
1706090887281,0,0,0.0,0.0
1706090887296,0,0,0.0,0.0
1706090887314,0,0,0.0,0.0
1706090887328,0,0,0.0,0.0
1706090887346,0,0,0.0,0.0
1706090887363,0,0,0.0,0.0
1706090887377,0,0,0.0,0.0
1706090887392,0,0,0.0,0.0
1706090887410,0,0,0.0,0.0
1706090887425,0,0,0.0,0.0
1706090887443,0,0,0.0,0.0
1706090887458,0,0,0.0,0.0
1706090887476,0,0,0.0,0.0
1706090887488,0,0,0.0,0.0
1706090887509,0,0,0.0,0.0
1706090887521,0,0,0.0,0.0
1706090887539,0,0,0.0,0.0
1706090887554,0,0,0.0,0.0
1706090887572,0,0,0.0,0.0
1706090887587,0,0,0.0,0.0
1706090887604,0,0,0.0,0.0
1706090887619,0,0,0.0,0.0
1706090887637,0,0,0.0,0.0
1706090887652,0,0,0.0,0.0
1706090887673,0,0,0.0,0.0
1706090887685,0,0,0.0,0.0
1706090887703,0,0,0.0,0.0
1706090887718,0,0,0.0,0.0
1706090887734,0,0,0.0,0.0
1706090887748,0,0,0.0,0.0
1706090887769,0,0,0.0,0.0
1706090887781,0,0,0.0,0.0
1706090887799,0,0,0.0,0.0
1706090887814,0,0,0.0,0.0
1706090887829,0,0,0.0,0.0
1706090887844,0,0,0.0,0.0
1706090887865,0,0,0.0,0.0
1706090887880,0,0,0.0,0.0
1706090887897,0,0,0.0,0.0
1706090887912,0,0,0.0,0.0
1706090887930,0,0,0.0,0.0
1706090887945,0,0,0.0,0.0
1706090887960,0,0,0.0,0.0
1706090887977,0,0,0.0,0.0
1706090887994,0,0,0.0,0.0
1706090888009,0,0,0.0,0.0
1706090888027,0,0,0.0,0.0
1706090888042,0,0,0.0,0.0
1706090888057,0,0,0.0,0.0
1706090888075,0,0,0.0,0.0
1706090888090,0,0,0.0,0.0
1706090888107,0,0,0.0,0.0
1706090888122,0,0,0.0,0.0
1706090888137,0,0,0.0,0.0
1706090888154,0,0,0.0,0.0
1706090888174,0,0,0.0,0.0
1706090888188,0,0,0.0,0.0
1706090888203,0,0,0.0,0.0
1706090888221,0,0,0.0,0.0
1706090888236,0,0,0.0,0.0
1706090888252,0,0,0.0,0.0
1706090888267,0,0,0.0,0.0
1706090888285,0,0,0.0,0.0
1706090888303,0,0,0.0,0.0
1706090888317,0,0,0.0,0.0
1706090888335,0,0,0.0,0.0
1706090888350,0,0,0.0,0.0
1706090888365,0,0,0.0,0.0
1706090888383,0,0,0.0,0.0
1706090888397,0,0,0.0,0.0
1706090888414,0,0,0.0,0.0
1706090888429,0,0,0.0,0.0
1706090888449,0,0,0.0,0.0
1706090888461,0,0,0.0,0.0
1706090888482,0,0,0.0,0.0
1706090888494,0,0,0.0,0.0
1706090888512,0,0,0.0,0.0
1706090888530,0,0,0.0,0.0
1706090888545,0,0,0.0,0.0
1706090888560,0,0,0.0,0.0
1706090888578,0,0,0.0,0.0
1706090888593,0,0,0.0,0.0
1706090888611,0,0,0.0,0.0
1706090888625,0,0,0.0,0.0
1706090888643,0,0,0.0,0.0
1706090888658,0,0,0.0,0.0
1706090888676,0,0,0.0,0.0
1706090888690,0,0,0.0,0.0
1706090888708,0,0,0.0,0.0
1706090888723,0,0,0.0,0.0
1706090888743,0,0,0.0,0.0
1706090888755,0,0,0.0,0.0
1706090888776,0,0,0.0,0.0
1706090888791,0,0,0.0,0.0
1706090888806,0,0,0.0,0.0
1706090888821,0,0,0.0,0.0
1706090888836,0,0,0.0,0.0
1706090888854,0,0,0.0,0.0
1706090888872,0,0,0.0,0.0
1706090888886,0,0,0.0,0.0
1706090888904,0,0,0.0,0.0
1706090888919,0,0,0.0,0.0
1706090888937,0,0,0.0,0.0
1706090888952,0,0,0.0,0.0
1706090888969,0,0,0.0,0.0
1706090888983,0,0,0.0,0.0
1706090889000,0,0,0.0,0.0
1706090889015,0,0,0.0,0.0
1706090889036,0,0,0.0,0.0
1706090889047,0,0,0.0,0.0
1706090889068,0,3,0.0,1.016386
1706090889085,0,0,0.0,0.0
1706090889094,0,0,0.0,0.0
1706090889112,0,0,0.0,0.0
1706090889127,0,0,0.0,0.0
1706090889142,0,0,0.0,0.0
1706090889159,0,0,0.0,0.0
1706090889177,0,0,0.0,0.0
1706090889192,0,0,0.0,0.0
1706090889209,0,0,0.0,0.0
1706090889227,0,0,0.0,0.0
1706090889241,0,0,0.0,0.0
1706090889262,0,0,0.0,0.0
1706090889273,0,0,0.0,0.0
1706090889288,0,0,0.0,0.0
1706090889306,0,0,0.0,0.0
1706090889321,0,0,0.0,0.0
1706090889339,0,0,0.0,0.0
1706090889353,0,0,0.0,0.0
1706090889371,0,0,0.0,0.0
1706090889386,0,0,0.0,0.0
1706090889404,0,0,0.0,0.0
1706090889416,0,0,0.0,0.0
1706090889434,0,0,0.0,0.0
1706090889449,0,0,0.0,0.0
1706090889467,0,0,0.0,0.0
1706090889482,0,0,0.0,0.0
1706090889500,0,0,0.0,0.0
1706090889515,0,0,0.0,0.0
1706090889533,0,0,0.0,0.0
1706090889548,0,0,0.0,0.0
1706090889565,0,0,0.0,0.0
1706090889580,0,0,0.0,0.0
1706090889595,0,0,0.0,0.0
1706090889613,0,0,0.0,0.0
1706090889631,0,0,0.0,0.0
1706090889646,0,0,0.0,0.0
1706090889661,0,0,0.0,0.0
1706090889679,0,0,0.0,0.0
1706090889694,0,0,0.0,0.0
1706090889712,0,0,0.0,0.0
1706090889725,0,0,0.0,0.0
1706090889743,0,0,0.0,0.0
1706090889758,0,0,0.0,0.0
1706090889776,0,0,0.0,0.0
1706090889791,0,0,0.0,0.0
1706090889809,0,0,0.0,0.0
1706090889824,0,0,0.0,0.0
1706090889845,0,0,0.0,0.0
1706090889857,0,0,0.0,0.0
1706090889872,0,0,0.0,0.0
1706090889888,0,0,0.0,0.0
1706090889905,0,0,0.0,0.0
1706090889923,0,0,0.0,0.0
1706090889938,0,0,0.0,0.0
1706090889956,0,0,0.0,0.0
1706090889974,0,0,0.0,0.0
1706090889988,0,0,0.0,0.0
1706090890003,0,0,0.0,0.0
1706090890021,0,0,0.0,0.0
1706090890033,0,0,0.0,0.0
1706090890050,0,0,0.0,0.0
1706090890071,0,0,0.0,0.0
1706090890086,0,0,0.0,0.0
1706090890103,0,0,0.0,0.0
1706090890119,0,0,0.0,0.0
1706090890136,0,0,0.0,0.0
1706090890152,0,0,0.0,0.0
1706090890170,0,0,0.0,0.0
1706090890182,0,0,0.0,0.0
1706090890200,0,0,0.0,0.0
1706090890217,0,0,0.0,0.0
1706090890235,0,0,0.0,0.0
1706090890247,0,0,0.0,0.0
1706090890265,0,0,0.0,0.0
1706090890279,0,0,0.0,0.0
1706090890303,0,0,0.0,0.0
1706090890312,0,0,0.0,0.0
1706090890330,0,0,0.0,0.0
1706090890345,0,0,0.0,0.0
1706090890364,0,0,0.0,0.0
1706090890379,0,0,0.0,0.0
1706090890397,0,0,0.0,0.0
1706090890412,0,0,0.0,0.0
1706090890430,0,0,0.0,0.0
1706090890445,0,0,0.0,0.0
1706090890460,0,0,0.0,0.0
1706090890474,0,0,0.0,0.0
1706090890492,0,0,0.0,0.0
1706090890506,0,0,0.0,0.0
1706090890529,0,0,0.0,0.0
1706090890540,0,0,0.0,0.0
1706090890558,0,0,0.0,0.0
1706090890576,0,0,0.0,0.0
1706090890590,0,0,0.0,0.0
1706090890608,0,0,0.0,0.0
1706090890622,0,0,0.0,0.0
1706090890637,0,0,0.0,0.0
1706090890654,0,0,0.0,0.0
1706090890671,0,0,0.0,0.0
1706090890686,0,0,0.0,0.0
1706090890701,0,0,0.0,0.0
1706090890722,0,0,0.0,0.0
1706090890734,0,0,0.0,0.0
1706090890753,0,0,0.0,0.0
1706090890764,0,0,0.0,0.0
1706090890786,0,0,0.0,0.0
1706090890798,0,0,0.0,0.0
1706090890817,0,0,0.0,0.0
1706090890832,0,0,0.0,0.0
1706090890853,3,0,3.592564,0.0
1706090890865,3,0,3.605673,0.0
1706090890882,3,0,3.510453,0.0
1706090890900,3,0,3.46222,0.0
1706090890912,3,0,3.341903,0.0
1706090890928,3,0,3.312193,0.0
1706090890945,3,0,3.272922,0.0
1706090890963,3,0,3.269139,0.0
1706090890981,3,0,3.317272,0.0
1706090890993,3,0,3.32366,0.0
1706090891011,3,0,3.453922,0.0
1706090891026,3,0,3.414425,0.0
1706090891043,3,0,3.424906,0.0
1706090891058,3,0,3.506803,0.0
1706090891073,0,0,0.0,0.0
1706090891090,0,0,0.0,0.0
1706090891108,0,0,0.0,0.0
1706090891125,0,0,0.0,0.0
1706090891143,0,0,0.0,0.0
1706090891155,0,0,0.0,0.0
1706090891173,0,0,0.0,0.0
1706090891188,0,0,0.0,0.0
1706090891205,0,0,0.0,0.0
1706090891219,0,0,0.0,0.0
1706090891236,0,0,0.0,0.0
1706090891251,0,0,0.0,0.0
1706090891269,0,0,0.0,0.0
1706090891286,0,0,0.0,0.0
1706090891301,0,0,0.0,0.0
1706090891319,0,0,0.0,0.0
1706090891334,0,0,0.0,0.0
1706090891349,0,0,0.0,0.0
1706090891367,0,0,0.0,0.0
1706090891384,0,0,0.0,0.0
1706090891398,0,0,0.0,0.0
1706090891415,0,0,0.0,0.0
1706090891433,0,0,0.0,0.0
1706090891447,3,0,3.936713,0.0
1706090891464,0,0,0.0,0.0
1706090891482,0,0,0.0,0.0
1706090891494,0,0,0.0,0.0
1706090891509,0,0,0.0,0.0
1706090891527,0,0,0.0,0.0
1706090891544,0,0,0.0,0.0
1706090891559,0,0,0.0,0.0
1706090891577,0,0,0.0,0.0
1706090891592,0,0,0.0,0.0
1706090891613,0,0,0.0,0.0
1706090891625,0,0,0.0,0.0
1706090891640,0,0,0.0,0.0
1706090891658,0,0,0.0,0.0
1706090891673,0,0,0.0,0.0
1706090891691,0,0,0.0,0.0
1706090891706,0,0,0.0,0.0
1706090891723,0,0,0.0,0.0
1706090891741,0,0,0.0,0.0
1706090891756,0,0,0.0,0.0
1706090891773,0,0,0.0,0.0
1706090891787,0,0,0.0,0.0
1706090891803,0,0,0.0,0.0
1706090891820,0,0,0.0,0.0
1706090891834,0,0,0.0,0.0
1706090891852,0,0,0.0,0.0
1706090891867,0,0,0.0,0.0
1706090891885,0,0,0.0,0.0
1706090891900,0,0,0.0,0.0
1706090891917,0,0,0.0,0.0
1706090891932,0,0,0.0,0.0
1706090891950,0,0,0.0,0.0
1706090891965,0,0,0.0,0.0
1706090891982,0,0,0.0,0.0
1706090892000,0,0,0.0,0.0
1706090892015,0,0,0.0,0.0
1706090892030,0,0,0.0,0.0
1706090892047,0,0,0.0,0.0
1706090892068,0,0,0.0,0.0
1706090892080,0,0,0.0,0.0
1706090892095,0,0,0.0,0.0
1706090892110,0,0,0.0,0.0
1706090892128,0,0,0.0,0.0
1706090892146,0,0,0.0,0.0
1706090892161,0,0,0.0,0.0
1706090892178,0,0,0.0,0.0
1706090892192,0,0,0.0,0.0
1706090892213,0,0,0.0,0.0
1706090892225,0,0,0.0,0.0
1706090892240,0,0,0.0,0.0
1706090892258,0,0,0.0,0.0
1706090892276,0,0,0.0,0.0
1706090892291,0,0,0.0,0.0
1706090892309,0,0,0.0,0.0
1706090892323,0,0,0.0,0.0
1706090892338,0,0,0.0,0.0
1706090892355,0,0,0.0,0.0
1706090892370,0,0,0.0,0.0
1706090892388,0,0,0.0,0.0
1706090892403,0,0,0.0,0.0
1706090892423,0,0,0.0,0.0
1706090892435,0,0,0.0,0.0
1706090892452,0,0,0.0,0.0
1706090892470,0,0,0.0,0.0
1706090892487,0,0,0.0,0.0
1706090892504,0,0,0.0,0.0
1706090892519,0,0,0.0,0.0
1706090892534,0,0,0.0,0.0
1706090892551,0,0,0.0,0.0
1706090892572,0,0,0.0,0.0
1706090892583,0,0,0.0,0.0
1706090892601,0,0,0.0,0.0
1706090892616,0,0,0.0,0.0
1706090892634,0,0,0.0,0.0
1706090892652,0,0,0.0,0.0
1706090892664,0,0,0.0,0.0
1706090892681,0,0,0.0,0.0
1706090892698,0,0,0.0,0.0
1706090892715,0,0,0.0,0.0
1706090892733,0,0,0.0,0.0
1706090892745,0,0,0.0,0.0
1706090892765,0,0,0.0,0.0
1706090892777,0,0,0.0,0.0
1706090892798,0,0,0.0,0.0
1706090892810,0,0,0.0,0.0
1706090892828,0,0,0.0,0.0
1706090892843,0,0,0.0,0.0
1706090892860,0,0,0.0,0.0
1706090892877,0,0,0.0,0.0
1706090892892,0,0,0.0,0.0
1706090892910,0,0,0.0,0.0
1706090892928,0,0,0.0,0.0
1706090892942,0,0,0.0,0.0
1706090892959,0,0,0.0,0.0
1706090892973,0,0,0.0,0.0
1706090892990,0,0,0.0,0.0
1706090893005,0,0,0.0,0.0
1706090893025,0,0,0.0,0.0
1706090893040,0,0,0.0,0.0
1706090893057,0,0,0.0,0.0
1706090893075,0,0,0.0,0.0
1706090893087,0,0,0.0,0.0
1706090893105,0,0,0.0,0.0
1706090893123,0,0,0.0,0.0
1706090893134,0,0,0.0,0.0
1706090893151,0,0,0.0,0.0
1706090893168,0,0,0.0,0.0
1706090893186,0,0,0.0,0.0
1706090893201,0,0,0.0,0.0
1706090893218,0,0,0.0,0.0
1706090893233,0,0,0.0,0.0
1706090893254,0,0,0.0,0.0
1706090893265,0,0,0.0,0.0
1706090893282,0,0,0.0,0.0
1706090893296,0,0,0.0,0.0
1706090893316,0,0,0.0,0.0
1706090893332,0,0,0.0,0.0
1706090893346,0,0,0.0,0.0
1706090893361,0,0,0.0,0.0
1706090893379,0,0,0.0,0.0
1706090893396,0,0,0.0,0.0
1706090893411,0,0,0.0,0.0
1706090893429,0,0,0.0,0.0
1706090893444,0,0,0.0,0.0
1706090893461,0,0,0.0,0.0
1706090893481,0,0,0.0,0.0
1706090893493,0,0,0.0,0.0
1706090893510,0,0,0.0,0.0
1706090893527,0,0,0.0,0.0
1706090893542,0,0,0.0,0.0
1706090893557,0,0,0.0,0.0
1706090893575,0,0,0.0,0.0
1706090893590,0,0,0.0,0.0
1706090893608,0,0,0.0,0.0
1706090893623,0,0,0.0,0.0
1706090893641,0,0,0.0,0.0
1706090893655,0,0,0.0,0.0
1706090893676,0,0,0.0,0.0
1706090893688,0,0,0.0,0.0
1706090893708,0,0,0.0,0.0
1706090893720,0,0,0.0,0.0
1706090893738,0,0,0.0,0.0
1706090893751,0,0,0.0,0.0
1706090893771,0,0,0.0,0.0
1706090893783,0,0,0.0,0.0
1706090893801,0,0,0.0,0.0
1706090893816,0,0,0.0,0.0
1706090893834,0,0,0.0,0.0
1706090893851,0,0,0.0,0.0
1706090893866,0,0,0.0,0.0
1706090893881,0,0,0.0,0.0
1706090893899,0,0,0.0,0.0
1706090893915,0,0,0.0,0.0
1706090893933,0,0,0.0,0.0
1706090893947,0,0,0.0,0.0
1706090893962,0,0,0.0,0.0
1706090893977,0,0,0.0,0.0
1706090893998,0,0,0.0,0.0
1706090894010,0,0,0.0,0.0
1706090894027,0,0,0.0,0.0
1706090894045,0,0,0.0,0.0
1706090894060,0,0,0.0,0.0
1706090894078,0,0,0.0,0.0
1706090894093,0,0,0.0,0.0
1706090894108,0,0,0.0,0.0
1706090894128,0,0,0.0,0.0
1706090894143,0,0,0.0,0.0
1706090894160,0,0,0.0,0.0
1706090894173,0,0,0.0,0.0
1706090894190,0,0,0.0,0.0
1706090894207,0,0,0.0,0.0
1706090894225,0,0,0.0,0.0
1706090894240,0,0,0.0,0.0
1706090894258,0,0,0.0,0.0
1706090894273,0,0,0.0,0.0
1706090894289,0,0,0.0,0.0
1706090894304,0,0,0.0,0.0
1706090894318,0,0,0.0,0.0
1706090894335,0,0,0.0,0.0
1706090894352,0,0,0.0,0.0
1706090894368,0,0,0.0,0.0
1706090894386,0,0,0.0,0.0
1706090894401,0,0,0.0,0.0
1706090894419,0,0,0.0,0.0
1706090894434,0,0,0.0,0.0
1706090894452,0,0,0.0,0.0
1706090894466,0,0,0.0,0.0
1706090894484,0,0,0.0,0.0
1706090894498,0,0,0.0,0.0
1706090894517,0,0,0.0,0.0
1706090894532,0,0,0.0,0.0
1706090894547,0,0,0.0,0.0
1706090894562,0,0,0.0,0.0
1706090894580,0,0,0.0,0.0
1706090894598,0,0,0.0,0.0
1706090894612,0,0,0.0,0.0
1706090894627,0,0,0.0,0.0
1706090894645,0,0,0.0,0.0
1706090894662,0,0,0.0,0.0
1706090894677,0,0,0.0,0.0
1706090894692,0,0,0.0,0.0
1706090894712,0,0,0.0,0.0
1706090894729,0,0,0.0,0.0
1706090894743,0,0,0.0,0.0
1706090894758,0,0,0.0,0.0
1706090894776,0,0,0.0,0.0
1706090894791,0,0,0.0,0.0
1706090894812,0,0,0.0,0.0
1706090894824,0,0,0.0,0.0
1706090894842,0,0,0.0,0.0
1706090894857,0,0,0.0,0.0
1706090894872,0,0,0.0,0.0
1706090894890,0,0,0.0,0.0
1706090894905,0,0,0.0,0.0
1706090894920,0,0,0.0,0.0
1706090894935,0,0,0.0,0.0
1706090894953,0,0,0.0,0.0
1706090894972,0,0,0.0,0.0
1706090894984,0,0,0.0,0.0
1706090895002,0,0,0.0,0.0
1706090895017,0,0,0.0,0.0
1706090895041,0,0,0.0,0.0
1706090895050,0,0,0.0,0.0
1706090895067,0,0,0.0,0.0
1706090895081,0,0,0.0,0.0
1706090895102,0,0,0.0,0.0
1706090895117,0,0,0.0,0.0
1706090895132,0,0,0.0,0.0
1706090895147,0,0,0.0,0.0
1706090895167,0,0,0.0,0.0
1706090895182,0,0,0.0,0.0
1706090895197,0,0,0.0,0.0
1706090895212,0,0,0.0,0.0
1706090895231,0,0,0.0,0.0
1706090895245,0,0,0.0,0.0
1706090895265,0,0,0.0,0.0
1706090895277,0,0,0.0,0.0
1706090895295,0,0,0.0,0.0
1706090895312,0,0,0.0,0.0
1706090895327,0,0,0.0,0.0
1706090895341,0,0,0.0,0.0
1706090895361,0,0,0.0,0.0
1706090895376,0,0,0.0,0.0
1706090895394,0,0,0.0,0.0
1706090895406,0,0,0.0,0.0
1706090895427,0,0,0.0,0.0
1706090895439,0,0,0.0,0.0
1706090895457,0,0,0.0,0.0
1706090895475,0,0,0.0,0.0
1706090895489,0,0,0.0,0.0
1706090895503,0,0,0.0,0.0
1706090895527,0,0,0.0,0.0
1706090895536,0,0,0.0,0.0
1706090895554,0,0,0.0,0.0
1706090895569,0,0,0.0,0.0
1706090895587,0,0,0.0,0.0
1706090895606,0,0,0.0,0.0
1706090895621,0,0,0.0,0.0
1706090895634,0,0,0.0,0.0
1706090895652,0,0,0.0,0.0
1706090895667,0,0,0.0,0.0
1706090895685,0,0,0.0,0.0
1706090895700,0,0,0.0,0.0
1706090895718,0,0,0.0,0.0
1706090895732,0,0,0.0,0.0
1706090895753,0,0,0.0,0.0
1706090895762,0,0,0.0,0.0
1706090895781,0,0,0.0,0.0
1706090895795,0,0,0.0,0.0
1706090895816,0,0,0.0,0.0
1706090895828,0,0,0.0,0.0
1706090895846,0,0,0.0,0.0
1706090895861,0,0,0.0,0.0
1706090895885,0,0,0.0,0.0
1706090895893,0,0,0.0,0.0
1706090895913,0,0,0.0,0.0
1706090895925,0,0,0.0,0.0
1706090895946,0,0,0.0,0.0
1706090895961,0,0,0.0,0.0
1706090895979,0,0,0.0,0.0
1706090895994,0,0,0.0,0.0
1706090896011,0,0,0.0,0.0
1706090896023,0,0,0.0,0.0
1706090896041,0,0,0.0,0.0
1706090896056,0,0,0.0,0.0
1706090896074,0,0,0.0,0.0
1706090896089,0,0,0.0,0.0
1706090896107,0,0,0.0,0.0
1706090896120,0,0,0.0,0.0
1706090896140,0,0,0.0,0.0
1706090896152,0,0,0.0,0.0
1706090896172,0,0,0.0,0.0
1706090896187,0,0,0.0,0.0
1706090896202,0,0,0.0,0.0
1706090896216,0,0,0.0,0.0
1706090896236,0,0,0.0,0.0
1706090896259,0,0,0.0,0.0
1706090896268,0,0,0.0,0.0
1706090896283,0,0,0.0,0.0
1706090896301,0,0,0.0,0.0
1706090896316,0,0,0.0,0.0
1706090896334,0,0,0.0,0.0
1706090896347,0,0,0.0,0.0
1706090896366,0,0,0.0,0.0
1706090896381,0,0,0.0,0.0
1706090896401,0,0,0.0,0.0
1706090896412,0,0,0.0,0.0
1706090896430,0,0,0.0,0.0
1706090896448,0,0,0.0,0.0
1706090896466,0,0,0.0,0.0
1706090896478,0,0,0.0,0.0
1706090896496,0,0,0.0,0.0
1706090896511,0,0,0.0,0.0
1706090896526,0,0,0.0,0.0
1706090896547,0,0,0.0,0.0
1706090896561,0,0,0.0,0.0
1706090896576,0,0,0.0,0.0
1706090896594,0,0,0.0,0.0
1706090896609,0,0,0.0,0.0
1706090896627,0,0,0.0,0.0
1706090896639,0,0,0.0,0.0
1706090896656,0,0,0.0,0.0
1706090896671,0,0,0.0,0.0
1706090896692,0,0,0.0,0.0
1706090896704,0,0,0.0,0.0
1706090896725,0,0,0.0,0.0
1706090896737,0,0,0.0,0.0
1706090896755,0,0,0.0,0.0
1706090896773,0,0,0.0,0.0
1706090896788,0,0,0.0,0.0
1706090896803,0,0,0.0,0.0
1706090896821,0,0,0.0,0.0
1706090896836,0,0,0.0,0.0
1706090896853,0,0,0.0,0.0
1706090896866,0,0,0.0,0.0
1706090896883,0,0,0.0,0.0
1706090896901,0,0,0.0,0.0
1706090896925,0,0,0.0,0.0
1706090896934,0,0,0.0,0.0
1706090896949,0,0,0.0,0.0
1706090896964,0,0,0.0,0.0
1706090896986,3,0,4.603415,0.0
1706090897000,3,0,4.790298,0.0
1706090897012,0,0,0.0,0.0
1706090897030,0,0,0.0,0.0
1706090897046,0,0,0.0,0.0
1706090897061,0,0,0.0,0.0
1706090897079,0,0,0.0,0.0
1706090897091,0,0,0.0,0.0
1706090897109,0,0,0.0,0.0
1706090897124,0,0,0.0,0.0
1706090897141,0,0,0.0,0.0
1706090897158,0,0,0.0,0.0
1706090897173,0,0,0.0,0.0
1706090897188,0,0,0.0,0.0
1706090897206,0,0,0.0,0.0
1706090897223,0,0,0.0,0.0
1706090897237,0,0,0.0,0.0
1706090897254,0,0,0.0,0.0
1706090897269,0,0,0.0,0.0
1706090897288,0,0,0.0,0.0
1706090897303,0,0,0.0,0.0
1706090897321,0,0,0.0,0.0
1706090897335,0,0,0.0,0.0
1706090897352,0,0,0.0,0.0
1706090897369,0,0,0.0,0.0
1706090897383,0,0,0.0,0.0
1706090897399,0,0,0.0,0.0
1706090897419,0,0,0.0,0.0
1706090897433,0,0,0.0,0.0
1706090897451,0,0,0.0,0.0
1706090897465,0,0,0.0,0.0
1706090897482,0,0,0.0,0.0
1706090897500,0,0,0.0,0.0
1706090897515,0,0,0.0,0.0
1706090897530,0,0,0.0,0.0
1706090897548,0,0,0.0,0.0
1706090897563,0,0,0.0,0.0
1706090897578,0,0,0.0,0.0
1706090897596,0,0,0.0,0.0
1706090897613,0,0,0.0,0.0
1706090897630,0,0,0.0,0.0
1706090897645,0,0,0.0,0.0
1706090897660,0,0,0.0,0.0
1706090897678,0,0,0.0,0.0
1706090897693,0,0,0.0,0.0
1706090897709,0,0,0.0,0.0
1706090897727,0,0,0.0,0.0
1706090897742,0,0,0.0,0.0
1706090897759,0,0,0.0,0.0
1706090897773,0,0,0.0,0.0
1706090897791,0,0,0.0,0.0
1706090897806,0,0,0.0,0.0
1706090897824,0,0,0.0,0.0
1706090897838,0,0,0.0,0.0
1706090897855,0,0,0.0,0.0
1706090897873,0,0,0.0,0.0
1706090897887,0,0,0.0,0.0
1706090897902,0,0,0.0,0.0
1706090897923,0,0,0.0,0.0
1706090897934,0,0,0.0,0.0
1706090897952,0,0,0.0,0.0
1706090897967,0,0,0.0,0.0
1706090897985,0,0,0.0,0.0
1706090898002,0,0,0.0,0.0
1706090898019,0,0,0.0,0.0
1706090898037,0,0,0.0,0.0
1706090898052,0,0,0.0,0.0
1706090898067,0,0,0.0,0.0
1706090898085,0,0,0.0,0.0
1706090898100,0,0,0.0,0.0
1706090898118,0,0,0.0,0.0
1706090898133,0,0,0.0,0.0
1706090898150,0,0,0.0,0.0
1706090898165,0,0,0.0,0.0
1706090898185,0,0,0.0,0.0
1706090898197,0,0,0.0,0.0
1706090898217,0,0,0.0,0.0
1706090898228,0,0,0.0,0.0
1706090898246,0,0,0.0,0.0
1706090898260,0,0,0.0,0.0
1706090898280,0,0,0.0,0.0
1706090898294,0,0,0.0,0.0
1706090898312,0,0,0.0,0.0
1706090898329,0,0,0.0,0.0
1706090898344,0,0,0.0,0.0
1706090898359,0,0,0.0,0.0
1706090898377,0,0,0.0,0.0
1706090898392,0,0,0.0,0.0
1706090898410,0,0,0.0,0.0
1706090898425,0,0,0.0,0.0
1706090898443,0,0,0.0,0.0
1706090898458,0,0,0.0,0.0
1706090898476,0,0,0.0,0.0
1706090898491,0,0,0.0,0.0
1706090898508,0,0,0.0,0.0
1706090898523,0,0,0.0,0.0
1706090898538,0,0,0.0,0.0
1706090898553,0,0,0.0,0.0
1706090898574,0,0,0.0,0.0
1706090898588,0,0,0.0,0.0
1706090898603,0,0,0.0,0.0
1706090898618,0,0,0.0,0.0
1706090898636,0,0,0.0,0.0
1706090898654,0,0,0.0,0.0
1706090898666,0,0,0.0,0.0
1706090898684,0,0,0.0,0.0
1706090898702,0,0,0.0,0.0
1706090898717,0,0,0.0,0.0
1706090898735,0,0,0.0,0.0
1706090898750,0,0,0.0,0.0
1706090898765,0,0,0.0,0.0
1706090898786,0,0,0.0,0.0
1706090898798,0,0,0.0,0.0
1706090898812,0,0,0.0,0.0
1706090898830,0,0,0.0,0.0
1706090898848,0,0,0.0,0.0
1706090898865,0,0,0.0,0.0
1706090898880,0,0,0.0,0.0
1706090898897,0,0,0.0,0.0
1706090898912,0,0,0.0,0.0
1706090898930,0,0,0.0,0.0
1706090898945,0,0,0.0,0.0
1706090898959,0,0,0.0,0.0
1706090898974,0,0,0.0,0.0
1706090898992,0,0,0.0,0.0
1706090899010,0,0,0.0,0.0
1706090899025,0,0,0.0,0.0
1706090899042,0,0,0.0,0.0
1706090899060,0,0,0.0,0.0
1706090899072,0,0,0.0,0.0
1706090899092,0,0,0.0,0.0
1706090899107,0,0,0.0,0.0
1706090899122,0,0,0.0,0.0
1706090899138,0,0,0.0,0.0
1706090899155,0,0,0.0,0.0
1706090899172,0,0,0.0,0.0
1706090899187,0,0,0.0,0.0
1706090899202,0,0,0.0,0.0
1706090899223,0,0,0.0,0.0
1706090899235,0,0,0.0,0.0
1706090899253,0,0,0.0,0.0
1706090899267,0,0,0.0,0.0
1706090899285,0,0,0.0,0.0
1706090899302,0,0,0.0,0.0
1706090899317,0,0,0.0,0.0
1706090899332,0,0,0.0,0.0
1706090899350,0,0,0.0,0.0
1706090899371,0,0,0.0,0.0
1706090899382,0,0,0.0,0.0
1706090899397,0,0,0.0,0.0
1706090899418,0,0,0.0,0.0
1706090899430,0,0,0.0,0.0
1706090899447,0,0,0.0,0.0
1706090899464,0,0,0.0,0.0
1706090899479,0,0,0.0,0.0
1706090899497,0,0,0.0,0.0
1706090899514,0,0,0.0,0.0
1706090899526,0,0,0.0,0.0
1706090899544,0,0,0.0,0.0
1706090899559,0,0,0.0,0.0
1706090899579,0,0,0.0,0.0
1706090899594,0,0,0.0,0.0
1706090899612,0,0,0.0,0.0
1706090899627,0,0,0.0,0.0
1706090899642,0,0,0.0,0.0
1706090899660,0,0,0.0,0.0
1706090899674,0,0,0.0,0.0
1706090899689,0,0,0.0,0.0
1706090899709,0,0,0.0,0.0
1706090899724,0,0,0.0,0.0
1706090899739,0,0,0.0,0.0
1706090899754,0,0,0.0,0.0
1706090899772,0,0,0.0,0.0
1706090899790,0,0,0.0,0.0
1706090899804,0,0,0.0,0.0
1706090899819,0,0,0.0,0.0
1706090899836,0,0,0.0,0.0
1706090899854,0,0,0.0,0.0
1706090899871,0,0,0.0,0.0
1706090899883,0,0,0.0,0.0
1706090899901,0,0,0.0,0.0
1706090899918,0,0,0.0,0.0
1706090899939,0,0,0.0,0.0
1706090899948,0,0,0.0,0.0
1706090899966,0,0,0.0,0.0
1706090899981,0,0,0.0,0.0
1706090899999,0,0,0.0,0.0
1706090900016,0,0,0.0,0.0
1706090900031,0,0,0.0,0.0
1706090900048,0,0,0.0,0.0
1706090900063,0,0,0.0,0.0
1706090900078,0,0,0.0,0.0
1706090900096,0,0,0.0,0.0
1706090900111,0,0,0.0,0.0
1706090900129,0,0,0.0,0.0
1706090900146,0,0,0.0,0.0
1706090900161,0,0,0.0,0.0
1706090900179,0,0,0.0,0.0
1706090900194,0,0,0.0,0.0
1706090900209,0,0,0.0,0.0
1706090900229,0,0,0.0,0.0
1706090900240,0,0,0.0,0.0
1706090900258,0,0,0.0,0.0
1706090900275,0,0,0.0,0.0
1706090900294,0,0,0.0,0.0
1706090900306,0,0,0.0,0.0
1706090900327,0,0,0.0,0.0
1706090900339,0,0,0.0,0.0
1706090900357,0,0,0.0,0.0
1706090900375,0,0,0.0,0.0
1706090900390,0,0,0.0,0.0
1706090900402,0,0,0.0,0.0
1706090900425,0,0,0.0,0.0
1706090900437,0,0,0.0,0.0
1706090900455,0,0,0.0,0.0
1706090900470,0,0,0.0,0.0
1706090900488,0,0,0.0,0.0
1706090900505,0,0,0.0,0.0
1706090900520,0,0,0.0,0.0
1706090900533,0,0,0.0,0.0
1706090900551,0,0,0.0,0.0
1706090900566,0,0,0.0,0.0
1706090900588,0,0,0.0,0.0
1706090900598,0,0,0.0,0.0
1706090900619,0,0,0.0,0.0
1706090900634,0,0,0.0,0.0
1706090900649,0,0,0.0,0.0
1706090900663,0,0,0.0,0.0
1706090900684,0,0,0.0,0.0
1706090900696,0,0,0.0,0.0
1706090900714,0,0,0.0,0.0
1706090900728,0,0,0.0,0.0
1706090900746,0,0,0.0,0.0
1706090900761,0,0,0.0,0.0
1706090900782,0,0,0.0,0.0
1706090900794,0,0,0.0,0.0
1706090900812,0,0,0.0,0.0
1706090900824,0,0,0.0,0.0
1706090900845,0,0,0.0,0.0
1706090900858,0,0,0.0,0.0
1706090900879,0,0,0.0,0.0
1706090900891,0,0,0.0,0.0
1706090900909,0,0,0.0,0.0
1706090900923,0,0,0.0,0.0
1706090900941,0,0,0.0,0.0
1706090900956,0,0,0.0,0.0
1706090900974,0,0,0.0,0.0
1706090900989,0,0,0.0,0.0
1706090901004,0,0,0.0,0.0
1706090901021,0,0,0.0,0.0
1706090901041,0,0,0.0,0.0
1706090901053,0,0,0.0,0.0
1706090901071,0,0,0.0,0.0
1706090901086,0,0,0.0,0.0
1706090901107,0,0,0.0,0.0
1706090901116,0,0,0.0,0.0
1706090901137,0,0,0.0,0.0
1706090901152,0,0,0.0,0.0
1706090901169,0,0,0.0,0.0
1706090901184,0,0,0.0,0.0
1706090901202,0,0,0.0,0.0
1706090901216,0,0,0.0,0.0
1706090901237,0,0,0.0,0.0
1706090901249,0,0,0.0,0.0
1706090901267,0,0,0.0,0.0
1706090901279,0,0,0.0,0.0
1706090901299,0,0,0.0,0.0
1706090901313,0,0,0.0,0.0
1706090901330,0,0,0.0,0.0
1706090901347,0,0,0.0,0.0
1706090901368,0,0,0.0,0.0
1706090901377,0,0,0.0,0.0
1706090901400,0,0,0.0,0.0
1706090901409,0,0,0.0,0.0
1706090901427,0,0,0.0,0.0
1706090901442,0,0,0.0,0.0
1706090901460,0,0,0.0,0.0
1706090901475,0,0,0.0,0.0
1706090901492,0,0,0.0,0.0
1706090901506,0,0,0.0,0.0
1706090901524,0,0,0.0,0.0
1706090901545,0,0,0.0,0.0
1706090901557,0,0,0.0,0.0
1706090901572,0,0,0.0,0.0
1706090901591,0,0,0.0,0.0
1706090901606,0,0,0.0,0.0
1706090901624,0,0,0.0,0.0
1706090901636,0,0,0.0,0.0
1706090901656,0,0,0.0,0.0
1706090901671,0,0,0.0,0.0
1706090901686,0,0,0.0,0.0
1706090901701,0,0,0.0,0.0
1706090901719,0,0,0.0,0.0
1706090901734,0,0,0.0,0.0
1706090901755,0,0,0.0,0.0
1706090901767,0,0,0.0,0.0
1706090901785,0,0,0.0,0.0
1706090901800,0,0,0.0,0.0
1706090901823,0,0,0.0,0.0
1706090901832,0,0,0.0,0.0
1706090901850,0,0,0.0,0.0
1706090901865,0,0,0.0,0.0
1706090901883,0,0,0.0,0.0
1706090901898,0,0,0.0,0.0
1706090901916,0,0,0.0,0.0
1706090901931,0,0,0.0,0.0
1706090901949,0,0,0.0,0.0
1706090901961,0,0,0.0,0.0
1706090901978,0,0,0.0,0.0
1706090901993,0,0,0.0,0.0
1706090902011,0,0,0.0,0.0
1706090902026,0,0,0.0,0.0
1706090902043,0,0,0.0,0.0
1706090902060,0,0,0.0,0.0
1706090902081,3,0,4.507157,0.0
1706090902093,3,0,4.4478,0.0
1706090902111,3,0,4.529414,0.0
1706090902126,3,0,4.513766,0.0
1706090902141,3,0,4.589386,0.0
1706090902159,3,0,4.680398,0.0
1706090902174,3,0,4.730578,0.0
1706090902189,3,0,4.682293,0.0
1706090902206,3,0,4.661954,0.0
1706090902223,3,0,4.732783,0.0
1706090902241,3,0,4.925081,0.0
1706090902253,3,0,4.986458,0.0
1706090902271,3,0,4.969764,0.0
1706090902286,3,0,4.970581,0.0
1706090902304,3,0,4.953415,0.0
1706090902321,3,0,4.874177,0.0
1706090902336,3,0,4.818207,0.0
1706090902354,3,0,4.896922,0.0
1706090902369,3,0,4.879929,0.0
1706090902390,3,3,4.961955,3.995572
1706090902401,3,3,5.153186,3.882785
1706090902416,3,3,4.988018,5.360715
1706090902433,3,3,5.046688,5.083992
1706090902448,3,3,4.846954,4.860997
1706090902468,3,3,4.82301,4.622451
1706090902483,3,3,4.750427,4.678619
1706090902498,3,3,4.753066,4.526888
1706090902515,3,0,4.747635,0.0
1706090902530,3,0,4.698107,0.0
1706090902546,3,0,4.634059,0.0
1706090902561,3,0,4.579194,0.0
1706090902576,0,0,0.0,0.0
1706090902594,3,0,4.581193,0.0
1706090902609,3,0,4.45858,0.0
1706090902627,0,0,0.0,0.0
1706090902642,0,0,0.0,0.0
1706090902659,3,0,4.473946,0.0
1706090902674,0,0,0.0,0.0
1706090902689,0,0,0.0,0.0
1706090902707,0,0,0.0,0.0
1706090902722,0,0,0.0,0.0
1706090902739,0,0,0.0,0.0
1706090902756,0,0,0.0,0.0
1706090902773,0,0,0.0,0.0
1706090902787,0,0,0.0,0.0
1706090902804,0,0,0.0,0.0
1706090902822,0,0,0.0,0.0
1706090902834,0,0,0.0,0.0
1706090902852,0,0,0.0,0.0
1706090902869,0,0,0.0,0.0
1706090902884,0,0,0.0,0.0
1706090902901,0,0,0.0,0.0
1706090902916,0,0,0.0,0.0
1706090902934,0,0,0.0,0.0
1706090902951,0,0,0.0,0.0
1706090902965,0,0,0.0,0.0
1706090902981,0,0,0.0,0.0
1706090902996,0,0,0.0,0.0
1706090903014,0,0,0.0,0.0
1706090903029,0,0,0.0,0.0
1706090903047,0,0,0.0,0.0
1706090903062,0,0,0.0,0.0
1706090903080,0,0,0.0,0.0
1706090903095,0,0,0.0,0.0
1706090903112,0,0,0.0,0.0
1706090903129,0,0,0.0,0.0
1706090903144,0,0,0.0,0.0
1706090903161,0,0,0.0,0.0
1706090903176,0,0,0.0,0.0
1706090903193,0,0,0.0,0.0
1706090903208,0,0,0.0,0.0
1706090903226,0,0,0.0,0.0
1706090903241,0,0,0.0,0.0
1706090903256,0,0,0.0,0.0
1706090903274,0,0,0.0,0.0
1706090903292,0,0,0.0,0.0
1706090903307,0,0,0.0,0.0
1706090903325,0,0,0.0,0.0
1706090903340,0,0,0.0,0.0
1706090903354,0,0,0.0,0.0
1706090903375,0,0,0.0,0.0
1706090903387,0,0,0.0,0.0
1706090903402,0,0,0.0,0.0
1706090903420,0,0,0.0,0.0
1706090903435,0,0,0.0,0.0
1706090903452,0,0,0.0,0.0
1706090903467,0,0,0.0,0.0
1706090903485,0,0,0.0,0.0
1706090903500,0,0,0.0,0.0
1706090903518,0,0,0.0,0.0
1706090903533,0,0,0.0,0.0
1706090903548,0,0,0.0,0.0
1706090903566,0,0,0.0,0.0
1706090903583,0,0,0.0,0.0
1706090903598,0,0,0.0,0.0
1706090903615,0,0,0.0,0.0
1706090903630,0,0,0.0,0.0
1706090903648,0,0,0.0,0.0
1706090903663,0,0,0.0,0.0
1706090903683,0,0,0.0,0.0
1706090903698,0,0,0.0,0.0
1706090903712,0,0,0.0,0.0
1706090903732,0,0,0.0,0.0
1706090903746,0,0,0.0,0.0
1706090903764,0,0,0.0,0.0
1706090903779,0,0,0.0,0.0
1706090903796,0,0,0.0,0.0
1706090903811,0,0,0.0,0.0
1706090903826,0,0,0.0,0.0
1706090903844,0,0,0.0,0.0
1706090903858,0,0,0.0,0.0
1706090903876,0,0,0.0,0.0
1706090903894,0,0,0.0,0.0
1706090903909,0,0,0.0,0.0
1706090903927,0,0,0.0,0.0
1706090903942,0,0,0.0,0.0
1706090903960,0,0,0.0,0.0
1706090903973,0,0,0.0,0.0
1706090903991,0,0,0.0,0.0
1706090904007,0,0,0.0,0.0
1706090904025,0,0,0.0,0.0
1706090904040,0,0,0.0,0.0
1706090904055,0,0,0.0,0.0
1706090904070,0,0,0.0,0.0
1706090904090,0,0,0.0,0.0
1706090904103,0,0,0.0,0.0
1706090904118,0,0,0.0,0.0
1706090904133,0,0,0.0,0.0
1706090904151,0,0,0.0,0.0
1706090904170,0,0,0.0,0.0
1706090904185,0,0,0.0,0.0
1706090904200,0,0,0.0,0.0
1706090904218,0,0,0.0,0.0
1706090904233,0,0,0.0,0.0
1706090904251,0,0,0.0,0.0
1706090904266,0,0,0.0,0.0
1706090904281,0,0,0.0,0.0
1706090904298,0,0,0.0,0.0
1706090904318,0,0,0.0,0.0
1706090904330,0,0,0.0,0.0
1706090904350,0,0,0.0,0.0
1706090904362,0,0,0.0,0.0
1706090904380,0,0,0.0,0.0
1706090904398,0,0,0.0,0.0
1706090904412,0,0,0.0,0.0
1706090904427,0,0,0.0,0.0
1706090904445,0,0,0.0,0.0
1706090904460,0,0,0.0,0.0
1706090904476,0,0,0.0,0.0
1706090904491,0,0,0.0,0.0
1706090904508,0,0,0.0,0.0
1706090904525,0,0,0.0,0.0
1706090904546,0,0,0.0,0.0
1706090904558,0,0,0.0,0.0
1706090904573,0,0,0.0,0.0
1706090904588,0,0,0.0,0.0
1706090904608,0,0,0.0,0.0
1706090904622,0,0,0.0,0.0
1706090904640,0,0,0.0,0.0
1706090904655,0,0,0.0,0.0
1706090904673,0,0,0.0,0.0
1706090904687,0,0,0.0,0.0
1706090904705,0,0,0.0,0.0
1706090904720,0,0,0.0,0.0
1706090904738,0,0,0.0,0.0
1706090904753,0,0,0.0,0.0
1706090904770,0,0,0.0,0.0
1706090904785,0,0,0.0,0.0
1706090904803,0,0,0.0,0.0
1706090904818,0,0,0.0,0.0
1706090904835,0,0,0.0,0.0
1706090904852,0,0,0.0,0.0
1706090904867,0,0,0.0,0.0
1706090904882,0,0,0.0,0.0
1706090904897,0,0,0.0,0.0
1706090904917,0,0,0.0,0.0
1706090904932,0,0,0.0,0.0
1706090904947,0,0,0.0,0.0
1706090904965,0,0,0.0,0.0
1706090904980,0,0,0.0,0.0
1706090904999,0,0,0.0,0.0
1706090905011,0,0,0.0,0.0
1706090905028,0,0,0.0,0.0
1706090905042,0,0,0.0,0.0
1706090905063,0,0,0.0,0.0
1706090905078,0,0,0.0,0.0
1706090905093,0,0,0.0,0.0
1706090905108,0,0,0.0,0.0
1706090905126,0,0,0.0,0.0
1706090905144,0,0,0.0,0.0
1706090905158,0,0,0.0,0.0
1706090905173,0,0,0.0,0.0
1706090905189,0,0,0.0,0.0
1706090905207,0,0,0.0,0.0
1706090905224,0,0,0.0,0.0
1706090905239,0,0,0.0,0.0
1706090905257,0,0,0.0,0.0
1706090905272,0,0,0.0,0.0
1706090905292,0,0,0.0,0.0
1706090905303,0,0,0.0,0.0
1706090905320,0,0,0.0,0.0
1706090905334,0,0,0.0,0.0
1706090905354,0,0,0.0,0.0
1706090905369,0,0,0.0,0.0
1706090905387,0,0,0.0,0.0
1706090905402,0,0,0.0,0.0
1706090905419,0,0,0.0,0.0
1706090905434,0,0,0.0,0.0
1706090905452,0,0,0.0,0.0
1706090905464,0,0,0.0,0.0
1706090905481,0,0,0.0,0.0
1706090905496,0,0,0.0,0.0
1706090905516,0,0,0.0,0.0
1706090905531,0,0,0.0,0.0
1706090905548,0,0,0.0,0.0
1706090905563,0,0,0.0,0.0
1706090905580,0,0,0.0,0.0
1706090905597,0,0,0.0,0.0
1706090905612,0,0,0.0,0.0
1706090905627,0,0,0.0,0.0
1706090905645,0,0,0.0,0.0
1706090905659,0,0,0.0,0.0
1706090905679,0,0,0.0,0.0
1706090905694,0,0,0.0,0.0
1706090905711,0,0,0.0,0.0
1706090905725,0,0,0.0,0.0
1706090905743,0,0,0.0,0.0
1706090905758,0,0,0.0,0.0
1706090905775,0,0,0.0,0.0
1706090905789,0,0,0.0,0.0
1706090905807,0,0,0.0,0.0
1706090905825,0,0,0.0,0.0
1706090905840,0,0,0.0,0.0
1706090905857,0,0,0.0,0.0
1706090905875,0,0,0.0,0.0
1706090905890,0,0,0.0,0.0
1706090905904,0,0,0.0,0.0
1706090905919,0,0,0.0,0.0
1706090905940,0,0,0.0,0.0
1706090905954,0,0,0.0,0.0
1706090905972,0,0,0.0,0.0
1706090905986,0,0,0.0,0.0
1706090906004,0,0,0.0,0.0
1706090906019,0,0,0.0,0.0
1706090906037,0,0,0.0,0.0
1706090906049,0,0,0.0,0.0
1706090906067,0,0,0.0,0.0
1706090906084,0,0,0.0,0.0
1706090906102,0,0,0.0,0.0
1706090906114,0,0,0.0,0.0
1706090906135,0,0,0.0,0.0
1706090906150,0,0,0.0,0.0
1706090906165,0,0,0.0,0.0
1706090906180,0,0,0.0,0.0
1706090906198,0,0,0.0,0.0
1706090906213,0,0,0.0,0.0
1706090906231,0,0,0.0,0.0
1706090906246,0,0,0.0,0.0
1706090906264,0,0,0.0,0.0
1706090906276,0,0,0.0,0.0
1706090906296,0,0,0.0,0.0
1706090906310,0,0,0.0,0.0
1706090906325,0,0,0.0,0.0
1706090906342,0,0,0.0,0.0
1706090906360,0,0,0.0,0.0
1706090906375,0,0,0.0,0.0
1706090906395,0,0,0.0,0.0
1706090906407,0,0,0.0,0.0
1706090906424,0,0,0.0,0.0
1706090906441,0,0,0.0,0.0
1706090906459,0,0,0.0,0.0
1706090906473,0,0,0.0,0.0
1706090906489,0,0,0.0,0.0
1706090906504,0,0,0.0,0.0
1706090906522,0,0,0.0,0.0
1706090906538,0,0,0.0,0.0
1706090906556,0,0,0.0,0.0
1706090906571,0,0,0.0,0.0
1706090906589,0,0,0.0,0.0
1706090906604,0,0,0.0,0.0
1706090906625,0,0,0.0,0.0
1706090906634,0,0,0.0,0.0
1706090906654,0,0,0.0,0.0
1706090906665,0,0,0.0,0.0
1706090906685,0,0,0.0,0.0
1706090906700,0,0,0.0,0.0
1706090906717,0,0,0.0,0.0
1706090906729,0,0,0.0,0.0
1706090906750,0,0,0.0,0.0
1706090906765,0,0,0.0,0.0
1706090906780,0,0,0.0,0.0
1706090906795,0,0,0.0,0.0
1706090906813,0,0,0.0,0.0
1706090906828,0,0,0.0,0.0
1706090906849,0,0,0.0,0.0
1706090906860,0,0,0.0,0.0
1706090906877,0,0,0.0,0.0
1706090906892,0,0,0.0,0.0
1706090906918,0,0,0.0,0.0
1706090906924,0,0,0.0,0.0
1706090906942,0,0,0.0,0.0
1706090906960,0,0,0.0,0.0
1706090906978,0,0,0.0,0.0
1706090906993,0,0,0.0,0.0
1706090907011,0,0,0.0,0.0
1706090907025,0,0,0.0,0.0
1706090907043,0,0,0.0,0.0
1706090907057,0,0,0.0,0.0
1706090907072,0,0,0.0,0.0
1706090907087,0,0,0.0,0.0
1706090907105,0,0,0.0,0.0
1706090907123,0,0,0.0,0.0
1706090907140,0,0,0.0,0.0
1706090907155,0,0,0.0,0.0
1706090907170,0,0,0.0,0.0
1706090907185,0,0,0.0,0.0
1706090907203,0,0,0.0,0.0
1706090907221,0,0,0.0,0.0
1706090907233,0,0,0.0,0.0
1706090907251,0,0,0.0,0.0
1706090907269,0,0,0.0,0.0
1706090907283,0,0,0.0,0.0
1706090907303,0,0,0.0,0.0
1706090907318,0,0,0.0,0.0
1706090907333,0,0,0.0,0.0
1706090907351,0,0,0.0,0.0
1706090907365,0,0,0.0,0.0
1706090907380,0,0,0.0,0.0
1706090907398,0,0,0.0,0.0
1706090907416,0,0,0.0,0.0
1706090907433,0,0,0.0,0.0
1706090907448,0,0,0.0,0.0
1706090907466,0,0,0.0,0.0
1706090907478,0,0,0.0,0.0
1706090907499,0,0,0.0,0.0
1706090907511,0,0,0.0,0.0
1706090907532,0,0,0.0,0.0
1706090907550,0,0,0.0,0.0
1706090907562,0,0,0.0,0.0
1706090907574,0,0,0.0,0.0
1706090907592,0,0,0.0,0.0
1706090907607,0,0,0.0,0.0
1706090907632,0,0,0.0,0.0
1706090907638,0,0,0.0,0.0
1706090907659,0,0,0.0,0.0
1706090907671,0,0,0.0,0.0
1706090907692,0,0,0.0,0.0
1706090907707,0,0,0.0,0.0
1706090907725,0,0,0.0,0.0
1706090907737,0,0,0.0,0.0
1706090907755,0,0,0.0,0.0
1706090907773,0,0,0.0,0.0
1706090907791,0,0,0.0,0.0
1706090907802,0,0,0.0,0.0
1706090907820,0,0,0.0,0.0
1706090907832,0,0,0.0,0.0
1706090907853,0,0,0.0,0.0
1706090907868,0,0,0.0,0.0
1706090907883,0,0,0.0,0.0
1706090907898,0,0,0.0,0.0
1706090907916,0,0,0.0,0.0
1706090907934,0,0,0.0,0.0
1706090907949,0,0,0.0,0.0
1706090907964,0,0,0.0,0.0
1706090907979,0,0,0.0,0.0
1706090907997,0,0,0.0,0.0
1706090908014,0,0,0.0,0.0
1706090908029,0,0,0.0,0.0
1706090908047,0,0,0.0,0.0
1706090908061,0,0,0.0,0.0
1706090908082,0,0,0.0,0.0
1706090908094,0,0,0.0,0.0
1706090908112,0,0,0.0,0.0
1706090908130,0,0,0.0,0.0
1706090908144,0,0,0.0,0.0
1706090908159,0,0,0.0,0.0
1706090908179,0,0,0.0,0.0
1706090908191,0,0,0.0,0.0
1706090908209,0,0,0.0,0.0
1706090908224,0,0,0.0,0.0
1706090908242,0,0,0.0,0.0
1706090908257,0,0,0.0,0.0
1706090908273,0,0,0.0,0.0
1706090908291,0,0,0.0,0.0
1706090908306,0,0,0.0,0.0
1706090908324,0,0,0.0,0.0
1706090908339,0,0,0.0,0.0
1706090908354,0,0,0.0,0.0
1706090908370,0,0,0.0,0.0
1706090908385,0,0,0.0,0.0
1706090908403,0,0,0.0,0.0
1706090908421,0,0,0.0,0.0
1706090908438,0,0,0.0,0.0
1706090908452,0,0,0.0,0.0
1706090908470,0,0,0.0,0.0
1706090908484,0,0,0.0,0.0
1706090908499,0,0,0.0,0.0
1706090908519,0,0,0.0,0.0
1706090908533,0,0,0.0,0.0
1706090908547,0,0,0.0,0.0
1706090908566,0,0,0.0,0.0
1706090908584,0,0,0.0,0.0
1706090908598,0,0,0.0,0.0
1706090908612,0,0,0.0,0.0
1706090908630,0,0,0.0,0.0
1706090908647,0,0,0.0,0.0
1706090908665,0,0,0.0,0.0
1706090908676,0,0,0.0,0.0
1706090908694,0,0,0.0,0.0
1706090908709,0,0,0.0,0.0
1706090908727,0,0,0.0,0.0
1706090908744,0,0,0.0,0.0
1706090908761,0,0,0.0,0.0
1706090908776,0,0,0.0,0.0
1706090908794,0,0,0.0,0.0
1706090908812,0,0,0.0,0.0
1706090908826,0,0,0.0,0.0
1706090908841,0,0,0.0,0.0
1706090908858,0,0,0.0,0.0
1706090908873,0,0,0.0,0.0
1706090908891,0,0,0.0,0.0
1706090908906,0,0,0.0,0.0
1706090908923,0,0,0.0,0.0
1706090908937,0,0,0.0,0.0
1706090908955,0,0,0.0,0.0
1706090908969,0,0,0.0,0.0
1706090908988,0,0,0.0,0.0
1706090909003,0,0,0.0,0.0
1706090909022,0,0,0.0,0.0
1706090909037,0,0,0.0,0.0
1706090909052,0,0,0.0,0.0
1706090909066,0,0,0.0,0.0
1706090909086,0,0,0.0,0.0
1706090909101,0,0,0.0,0.0
1706090909119,0,0,0.0,0.0
1706090909131,0,0,0.0,0.0
1706090909149,0,0,0.0,0.0
1706090909163,0,0,0.0,0.0
1706090909183,0,0,0.0,0.0
1706090909198,0,0,0.0,0.0
1706090909215,0,0,0.0,0.0
1706090909229,0,0,0.0,0.0
1706090909247,0,0,0.0,0.0
1706090909265,0,0,0.0,0.0
1706090909280,0,0,0.0,0.0
1706090909295,0,0,0.0,0.0
1706090909312,0,0,0.0,0.0
1706090909328,0,0,0.0,0.0
1706090909344,0,0,0.0,0.0
1706090909359,0,0,0.0,0.0
1706090909377,0,0,0.0,0.0
1706090909392,0,0,0.0,0.0
1706090909413,0,0,0.0,0.0
1706090909424,0,0,0.0,0.0
1706090909441,0,0,0.0,0.0
1706090909456,0,0,0.0,0.0
1706090909473,0,0,0.0,0.0
1706090909491,0,0,0.0,0.0
1706090909506,0,0,0.0,0.0
1706090909523,0,0,0.0,0.0
1706090909541,0,0,0.0,0.0
1706090909556,0,0,0.0,0.0
1706090909574,0,0,0.0,0.0
1706090909586,0,0,0.0,0.0
1706090909604,0,0,0.0,0.0
1706090909620,0,0,0.0,0.0
1706090909638,0,0,0.0,0.0
1706090909653,0,0,0.0,0.0
1706090909671,0,0,0.0,0.0
1706090909685,0,0,0.0,0.0
1706090909700,0,0,0.0,0.0
1706090909720,0,0,0.0,0.0
1706090909731,0,0,0.0,0.0
1706090909748,0,0,0.0,0.0
1706090909765,0,0,0.0,0.0
1706090909782,0,0,0.0,0.0
1706090909799,0,0,0.0,0.0
1706090909814,0,0,0.0,0.0
1706090909832,0,0,0.0,0.0
1706090909847,0,0,0.0,0.0
1706090909865,0,0,0.0,0.0
1706090909879,0,0,0.0,0.0
1706090909896,0,0,0.0,0.0
1706090909910,0,0,0.0,0.0
1706090909929,0,0,0.0,0.0
1706090909943,0,0,0.0,0.0
1706090909961,0,0,0.0,0.0
1706090909978,0,0,0.0,0.0
1706090909993,0,0,0.0,0.0
1706090910011,0,0,0.0,0.0
1706090910026,0,0,0.0,0.0
1706090910041,0,0,0.0,0.0
1706090910058,0,0,0.0,0.0
1706090910072,0,0,0.0,0.0
1706090910093,0,0,0.0,0.0
1706090910105,0,0,0.0,0.0
1706090910123,0,0,0.0,0.0
1706090910140,0,0,0.0,0.0
1706090910155,0,0,0.0,0.0
1706090910173,0,0,0.0,0.0
1706090910187,0,0,0.0,0.0
1706090910202,0,0,0.0,0.0
1706090910223,0,0,0.0,0.0
1706090910238,0,0,0.0,0.0
1706090910253,0,0,0.0,0.0
1706090910268,0,0,0.0,0.0
1706090910286,0,0,0.0,0.0
1706090910301,0,0,0.0,0.0
1706090910321,0,0,0.0,0.0
1706090910333,0,0,0.0,0.0
1706090910351,0,0,0.0,0.0
1706090910366,0,0,0.0,0.0
1706090910386,0,0,0.0,0.0
1706090910398,0,0,0.0,0.0
1706090910416,0,0,0.0,0.0
1706090910430,0,0,0.0,0.0
1706090910448,0,0,0.0,0.0
1706090910463,0,0,0.0,0.0
1706090910481,0,0,0.0,0.0
1706090910496,0,0,0.0,0.0
1706090910511,0,0,0.0,0.0
1706090910531,0,0,0.0,0.0
1706090910545,0,0,0.0,0.0
1706090910560,0,0,0.0,0.0
1706090910581,0,0,0.0,0.0
1706090910593,0,0,0.0,0.0
1706090910614,0,0,0.0,0.0
1706090910626,0,0,0.0,0.0
1706090910644,0,0,0.0,0.0
1706090910662,0,0,0.0,0.0
1706090910677,0,0,0.0,0.0
1706090910694,0,0,0.0,0.0
1706090910708,0,0,0.0,0.0
1706090910726,0,0,0.0,0.0
1706090910756,0,0,0.0,0.0
1706090910759,0,0,0.0,0.0
1706090910777,0,0,0.0,0.0
1706090910789,0,0,0.0,0.0
1706090910803,0,0,0.0,0.0
1706090910818,0,0,0.0,0.0
1706090910838,0,0,0.0,0.0
1706090910853,0,0,0.0,0.0
1706090910871,0,0,0.0,0.0
1706090910886,0,0,0.0,0.0
1706090910907,3,0,3.905637,0.0
1706090910919,3,0,3.986917,0.0
1706090910934,3,0,4.075512,0.0
1706090910952,3,0,4.156547,0.0
1706090910966,3,0,4.251,0.0
1706090910983,3,0,4.32656,0.0
1706090910998,3,0,4.383615,0.0
1706090911016,3,0,4.46299,0.0
1706090911030,3,0,4.39384,0.0
1706090911048,3,0,4.390268,0.0
1706090911069,3,0,4.514157,0.0
1706090911081,3,0,4.57816,0.0
1706090911095,3,0,4.839967,0.0
1706090911116,3,3,4.98122,3.64034
1706090911131,3,3,5.239045,3.704062
1706090911148,3,3,5.227871,4.021805
1706090911163,3,3,5.281998,3.935128
1706090911177,3,3,5.513824,3.982876
1706090911197,3,3,5.996751,4.203318
1706090911212,3,0,5.915885,0.0
1706090911227,3,0,6.220573,0.0
1706090911242,3,0,6.082051,0.0
1706090911257,3,0,6.280886,0.0
1706090911275,3,0,6.006349,0.0
1706090911293,3,0,7.143877,0.0
1706090911307,3,0,8.299919,0.0
1706090911325,3,0,9.683724,0.0
1706090911337,0,0,0.0,0.0
1706090911361,3,0,8.25718,0.0
1706090911369,0,0,0.0,0.0
1706090911393,3,0,7.233995,0.0
1706090911407,3,0,8.453983,0.0
1706090911425,3,0,9.191683,0.0
1706090911441,3,0,9.73,0.0
1706090911450,0,0,0.0,0.0
1706090911473,3,0,9.682479,0.0
1706090911485,0,0,0.0,0.0
1706090911509,0,0,0.0,0.0
1706090911518,3,0,4.379683,0.0
1706090911533,3,3,4.373662,4.29611
1706090911551,3,3,4.370295,4.465027
1706090911565,3,3,4.371207,4.376492
1706090911582,3,3,4.433926,4.394985
1706090911600,3,3,4.495841,4.290042
1706090911615,3,3,4.45855,4.217175
1706090911633,3,3,4.505476,4.214661
1706090911648,3,3,4.717547,4.195125
1706090911665,3,0,4.746524,0.0
1706090911680,3,0,4.993527,0.0
1706090911695,3,0,5.061253,0.0
1706090911713,3,0,5.093771,0.0
1706090911731,3,0,5.245049,0.0
1706090911746,3,0,5.325551,0.0
1706090911764,3,0,5.305453,0.0
1706090911778,3,0,5.440805,0.0
1706090911798,3,0,5.450117,0.0
1706090911810,3,0,6.917488,0.0
1706090911828,3,0,6.434655,0.0
1706090911843,0,0,0.0,0.0
1706090911862,3,0,6.824558,0.0
1706090911875,0,0,0.0,0.0
1706090911895,3,0,6.293268,0.0
1706090911913,3,0,6.736742,0.0
1706090911928,3,0,7.604989,0.0
1706090911939,0,0,0.0,0.0
1706090911958,3,0,8.836389,0.0
1706090911970,0,0,0.0,0.0
1706090911988,3,0,9.348307,0.0
1706090912002,0,0,0.0,0.0
1706090912025,3,0,4.827379,0.0
1706090912037,3,0,4.969062,0.0
1706090912054,3,3,4.835645,4.99402
1706090912071,3,3,4.980115,5.437916
1706090912086,3,3,5.158972,5.380828
1706090912104,3,3,5.334335,5.633434
1706090912119,3,3,5.35538,5.743276
1706090912134,3,0,5.595944,0.0
1706090912152,3,3,5.516144,4.14165
1706090912170,3,0,5.026374,0.0
1706090912197,0,3,0.0,9.448024
1706090912206,0,0,0.0,0.0
1706090912232,0,3,0.0,9.908146
1706090912241,3,0,2.22433,0.0
1706090912250,0,0,0.0,0.0
1706090912262,0,0,0.0,0.0
1706090912277,0,0,0.0,0.0
1706090912295,0,0,0.0,0.0
1706090912311,0,0,0.0,0.0
1706090912326,0,0,0.0,0.0
1706090912341,0,0,0.0,0.0
1706090912358,0,0,0.0,0.0
1706090912376,0,0,0.0,0.0
1706090912394,0,0,0.0,0.0
1706090912408,0,0,0.0,0.0
1706090912425,0,0,0.0,0.0
1706090912439,0,0,0.0,0.0
1706090912457,0,0,0.0,0.0
1706090912475,0,0,0.0,0.0
1706090912489,0,0,0.0,0.0
1706090912507,0,0,0.0,0.0
1706090912525,0,0,0.0,0.0
1706090912537,0,0,0.0,0.0
1706090912555,0,0,0.0,0.0
1706090912570,0,0,0.0,0.0
1706090912585,0,0,0.0,0.0
1706090912604,0,0,0.0,0.0
1706090912619,0,0,0.0,0.0
1706090912634,0,0,0.0,0.0
1706090912652,0,0,0.0,0.0
1706090912667,0,0,0.0,0.0
1706090912686,0,0,0.0,0.0
1706090912700,0,0,0.0,0.0
1706090912715,0,0,0.0,0.0
1706090912732,0,0,0.0,0.0
1706090912750,0,0,0.0,0.0
1706090912764,0,0,0.0,0.0
1706090912782,0,0,0.0,0.0
1706090912797,0,0,0.0,0.0
1706090912815,0,0,0.0,0.0
1706090912830,0,0,0.0,0.0
1706090912845,0,0,0.0,0.0
1706090912863,0,0,0.0,0.0
1706090912879,0,0,0.0,0.0
1706090912896,0,0,0.0,0.0
1706090912911,0,0,0.0,0.0
1706090912929,0,0,0.0,0.0
1706090912944,0,0,0.0,0.0
1706090912959,0,0,0.0,0.0
1706090912977,0,0,0.0,0.0
1706090912992,0,0,0.0,0.0
1706090913007,0,0,0.0,0.0
1706090913025,0,0,0.0,0.0
1706090913040,0,0,0.0,0.0
1706090913058,0,0,0.0,0.0
1706090913075,0,0,0.0,0.0
1706090913093,0,0,0.0,0.0
1706090913105,0,0,0.0,0.0
1706090913123,0,0,0.0,0.0
1706090913141,0,0,0.0,0.0
1706090913153,0,0,0.0,0.0
1706090913171,0,0,0.0,0.0
1706090913189,0,0,0.0,0.0
1706090913201,0,0,0.0,0.0
1706090913219,0,0,0.0,0.0
1706090913237,0,0,0.0,0.0
1706090913254,0,0,0.0,0.0
1706090913271,0,0,0.0,0.0
1706090913289,0,0,0.0,0.0
1706090913303,0,0,0.0,0.0
1706090913318,0,0,0.0,0.0
1706090913336,0,0,0.0,0.0
1706090913351,0,0,0.0,0.0
1706090913370,0,0,0.0,0.0
1706090913385,0,0,0.0,0.0
1706090913399,0,0,0.0,0.0
1706090913417,0,0,0.0,0.0
1706090913434,0,0,0.0,0.0
1706090913451,0,0,0.0,0.0
1706090913463,0,0,0.0,0.0
1706090913478,0,0,0.0,0.0
1706090913496,0,0,0.0,0.0
1706090913514,0,0,0.0,0.0
1706090913529,0,0,0.0,0.0
1706090913547,0,0,0.0,0.0
1706090913562,0,0,0.0,0.0
1706090913577,0,0,0.0,0.0
1706090913598,0,0,0.0,0.0
1706090913610,0,0,0.0,0.0
1706090913628,0,0,0.0,0.0
1706090913642,0,0,0.0,0.0
1706090913660,0,0,0.0,0.0
1706090913676,0,0,0.0,0.0
1706090913694,0,0,0.0,0.0
1706090913709,0,0,0.0,0.0
1706090913727,0,0,0.0,0.0
1706090913742,0,0,0.0,0.0
1706090913756,0,0,0.0,0.0
1706090913771,0,0,0.0,0.0
1706090913791,0,0,0.0,0.0
1706090913806,0,0,0.0,0.0
1706090913821,0,0,0.0,0.0
1706090913836,0,0,0.0,0.0
1706090913857,0,0,0.0,0.0
1706090913869,0,0,0.0,0.0
1706090913889,0,0,0.0,0.0
1706090913901,0,0,0.0,0.0
1706090913919,0,0,0.0,0.0
1706090913936,0,0,0.0,0.0
1706090913954,0,0,0.0,0.0
1706090913966,0,0,0.0,0.0
1706090913983,0,0,0.0,0.0
1706090914001,0,0,0.0,0.0
1706090914016,0,0,0.0,0.0
1706090914031,0,0,0.0,0.0
1706090914049,0,0,0.0,0.0
1706090914064,0,0,0.0,0.0
1706090914085,0,0,0.0,0.0
1706090914097,0,0,0.0,0.0
1706090914115,0,0,0.0,0.0
1706090914130,0,0,0.0,0.0
1706090914148,0,0,0.0,0.0
1706090914163,0,0,0.0,0.0
1706090914178,0,0,0.0,0.0
1706090914193,0,0,0.0,0.0
1706090914211,0,0,0.0,0.0
1706090914226,0,0,0.0,0.0
1706090914246,0,0,0.0,0.0
1706090914261,0,0,0.0,0.0
1706090914278,0,0,0.0,0.0
1706090914293,0,0,0.0,0.0
1706090914310,0,0,0.0,0.0
1706090914325,0,0,0.0,0.0
1706090914339,0,0,0.0,0.0
1706090914357,0,0,0.0,0.0
1706090914375,0,0,0.0,0.0
1706090914390,0,0,0.0,0.0
1706090914408,0,0,0.0,0.0
1706090914422,0,0,0.0,0.0
1706090914437,0,0,0.0,0.0
1706090914457,0,0,0.0,0.0
1706090914472,0,0,0.0,0.0
1706090914487,0,0,0.0,0.0
1706090914502,0,0,0.0,0.0
1706090914520,0,0,0.0,0.0
1706090914535,0,0,0.0,0.0
1706090914550,0,0,0.0,0.0
1706090914568,0,0,0.0,0.0
1706090914585,0,0,0.0,0.0
1706090914603,0,0,0.0,0.0
1706090914617,0,0,0.0,0.0
1706090914632,0,0,0.0,0.0
1706090914650,0,0,0.0,0.0
1706090914667,0,0,0.0,0.0
1706090914682,0,0,0.0,0.0
1706090914697,0,0,0.0,0.0
1706090914714,0,0,0.0,0.0
1706090914729,0,0,0.0,0.0
1706090914747,0,0,0.0,0.0
1706090914762,0,0,0.0,0.0
1706090914777,0,0,0.0,0.0
1706090914794,0,0,0.0,0.0
1706090914812,0,0,0.0,0.0
1706090914827,0,0,0.0,0.0
1706090914842,0,0,0.0,0.0
1706090914860,0,0,0.0,0.0
1706090914881,0,0,0.0,0.0
1706090914893,0,0,0.0,0.0
1706090914908,0,0,0.0,0.0
1706090914926,0,0,0.0,0.0
1706090914941,0,0,0.0,0.0
1706090914961,0,0,0.0,0.0
1706090914976,0,0,0.0,0.0
1706090914990,0,0,0.0,0.0
1706090915008,0,0,0.0,0.0
1706090915026,0,0,0.0,0.0
1706090915041,0,0,0.0,0.0
1706090915055,0,0,0.0,0.0
1706090915070,0,0,0.0,0.0
1706090915087,0,0,0.0,0.0
1706090915102,0,0,0.0,0.0
1706090915122,0,0,0.0,0.0
1706090915134,0,0,0.0,0.0
1706090915152,0,0,0.0,0.0
1706090915166,0,0,0.0,0.0
1706090915186,0,0,0.0,0.0
1706090915200,0,0,0.0,0.0
1706090915215,0,0,0.0,0.0
1706090915233,0,0,0.0,0.0
1706090915251,0,0,0.0,0.0
1706090915265,0,0,0.0,0.0
1706090915283,0,0,0.0,0.0
1706090915297,0,0,0.0,0.0
1706090915315,0,0,0.0,0.0
1706090915333,0,0,0.0,0.0
1706090915347,0,0,0.0,0.0
1706090915361,0,0,0.0,0.0
1706090915379,0,0,0.0,0.0
1706090915397,0,0,0.0,0.0
1706090915414,0,0,0.0,0.0
1706090915428,0,0,0.0,0.0
1706090915445,0,0,0.0,0.0
1706090915459,0,0,0.0,0.0
1706090915483,0,0,0.0,0.0
1706090915495,0,0,0.0,0.0
1706090915510,0,0,0.0,0.0
1706090915525,0,0,0.0,0.0
1706090915543,0,0,0.0,0.0
1706090915558,0,0,0.0,0.0
1706090915578,0,0,0.0,0.0
1706090915590,0,0,0.0,0.0
1706090915608,0,0,0.0,0.0
1706090915623,0,0,0.0,0.0
1706090915641,0,0,0.0,0.0
1706090915653,0,0,0.0,0.0
1706090915673,0,0,0.0,0.0
1706090915689,0,0,0.0,0.0
1706090915706,0,0,0.0,0.0
1706090915721,0,0,0.0,0.0
1706090915739,0,0,0.0,0.0
1706090915751,0,0,0.0,0.0
1706090915775,0,0,0.0,0.0
1706090915784,0,0,0.0,0.0
1706090915801,0,0,0.0,0.0
1706090915816,0,0,0.0,0.0
1706090915839,0,0,0.0,0.0
1706090915851,0,0,0.0,0.0
1706090915866,0,0,0.0,0.0
1706090915881,0,0,0.0,0.0
1706090915899,0,0,0.0,0.0
1706090915917,0,0,0.0,0.0
1706090915932,0,0,0.0,0.0
1706090915947,0,0,0.0,0.0
1706090915965,0,0,0.0,0.0
1706090915983,0,0,0.0,0.0
1706090916001,0,0,0.0,0.0
1706090916012,0,0,0.0,0.0
1706090916029,0,0,0.0,0.0
1706090916052,3,0,3.983187,0.0
1706090916061,3,0,3.970619,0.0
1706090916078,3,0,4.06204,0.0
1706090916093,3,0,4.052135,0.0
1706090916108,3,0,4.166454,0.0
1706090916125,3,0,4.14913,0.0
1706090916142,3,0,4.116138,0.0
1706090916160,3,0,4.364765,0.0
1706090916175,3,0,4.34355,0.0
1706090916193,3,0,4.474551,0.0
1706090916208,3,0,4.606811,0.0
1706090916223,3,0,4.570744,0.0
1706090916238,3,0,4.584697,0.0
1706090916256,3,0,4.6939,0.0
1706090916273,3,0,4.759092,0.0
1706090916288,3,0,4.973487,0.0
1706090916305,3,0,5.028392,0.0
1706090916320,3,0,5.151514,0.0
1706090916337,3,0,5.086904,0.0
1706090916355,3,0,5.181334,0.0
1706090916367,3,0,5.181712,0.0
1706090916385,3,0,5.278777,0.0
1706090916400,3,0,5.351654,0.0
1706090916418,3,0,5.431139,0.0
1706090916435,3,0,5.635877,0.0
1706090916453,3,0,6.046635,0.0
1706090916467,3,0,5.68501,0.0
1706090916482,3,0,6.349356,0.0
1706090916502,3,0,5.971641,0.0
1706090916514,3,0,6.498502,0.0
1706090916532,3,0,7.573728,0.0
1706090916547,3,0,9.689148,0.0
1706090916562,0,0,0.0,0.0
1706090916579,0,0,0.0,0.0
1706090916593,0,0,0.0,0.0
1706090916611,0,0,0.0,0.0
1706090916629,0,0,0.0,0.0
1706090916643,0,0,0.0,0.0
1706090916660,0,0,0.0,0.0
1706090916675,0,0,0.0,0.0
1706090916692,0,0,0.0,0.0
1706090916710,0,0,0.0,0.0
1706090916725,0,0,0.0,0.0
1706090916743,0,0,0.0,0.0
1706090916758,0,0,0.0,0.0
1706090916773,0,0,0.0,0.0
1706090916790,0,0,0.0,0.0
1706090916805,0,0,0.0,0.0
1706090916820,0,0,0.0,0.0
1706090916838,0,0,0.0,0.0
1706090916855,0,0,0.0,0.0
1706090916870,0,0,0.0,0.0
1706090916885,0,0,0.0,0.0
1706090916902,0,0,0.0,0.0
1706090916919,0,0,0.0,0.0
1706090916937,0,0,0.0,0.0
1706090916949,0,0,0.0,0.0
1706090916967,0,0,0.0,0.0
1706090916982,0,0,0.0,0.0
1706090916999,0,0,0.0,0.0
1706090917017,0,0,0.0,0.0
1706090917032,0,0,0.0,0.0
1706090917047,0,0,0.0,0.0
1706090917064,0,0,0.0,0.0
1706090917082,0,0,0.0,0.0
1706090917096,0,0,0.0,0.0
1706090917113,0,0,0.0,0.0
1706090917128,0,0,0.0,0.0
1706090917146,0,0,0.0,0.0
1706090917163,3,0,2.260864,0.0
1706090917178,0,0,0.0,0.0
1706090917196,0,0,0.0,0.0
1706090917210,0,0,0.0,0.0
1706090917231,0,0,0.0,0.0
1706090917243,0,0,0.0,0.0
1706090917258,0,0,0.0,0.0
1706090917276,0,0,0.0,0.0
1706090917294,0,0,0.0,0.0
1706090917309,0,0,0.0,0.0
1706090917327,0,0,0.0,0.0
1706090917342,0,0,0.0,0.0
1706090917360,0,0,0.0,0.0
1706090917372,0,0,0.0,0.0
1706090917389,3,0,2.305525,0.0
1706090917406,0,0,0.0,0.0
1706090917424,0,0,0.0,0.0
1706090917438,0,0,0.0,0.0
1706090917456,3,0,2.256635,0.0
1706090917471,0,0,0.0,0.0
1706090917489,3,0,2.908308,0.0
1706090917504,0,0,0.0,0.0
1706090917524,0,0,0.0,0.0
1706090917535,0,0,0.0,0.0
1706090917550,3,0,2.908727,0.0
1706090917567,0,0,0.0,0.0
1706090917585,3,0,2.753048,0.0
1706090917600,0,0,0.0,0.0
1706090917618,0,0,0.0,0.0
1706090917632,0,0,0.0,0.0
1706090917650,3,0,2.878485,0.0
1706090917667,0,0,0.0,0.0
1706090917682,0,0,0.0,0.0
1706090917697,3,0,2.961697,0.0
1706090917715,3,0,2.816532,0.0
1706090917732,3,0,2.83323,0.0
1706090917747,3,0,2.750391,0.0
1706090917765,3,0,2.702978,0.0
1706090917780,3,0,2.775558,0.0
1706090917798,3,0,2.807999,0.0
1706090917813,0,0,0.0,0.0
1706090917828,0,0,0.0,0.0
1706090917846,3,0,2.877063,0.0
1706090917861,0,0,0.0,0.0
1706090917875,0,0,0.0,0.0
1706090917893,0,0,0.0,0.0
1706090917907,0,0,0.0,0.0
1706090917925,0,0,0.0,0.0
1706090917940,0,0,0.0,0.0
1706090917958,0,0,0.0,0.0
1706090917973,0,0,0.0,0.0
1706090917988,0,0,0.0,0.0
1706090918006,0,0,0.0,0.0
1706090918024,0,0,0.0,0.0
1706090918039,0,0,0.0,0.0
1706090918054,0,0,0.0,0.0
1706090918071,0,0,0.0,0.0
1706090918086,0,0,0.0,0.0
1706090918104,0,0,0.0,0.0
1706090918118,0,0,0.0,0.0
1706090918134,0,0,0.0,0.0
1706090918151,0,0,0.0,0.0
1706090918168,0,0,0.0,0.0
1706090918186,0,0,0.0,0.0
1706090918200,0,0,0.0,0.0
1706090918215,0,0,0.0,0.0
1706090918233,0,0,0.0,0.0
1706090918253,0,0,0.0,0.0
1706090918265,0,0,0.0,0.0
1706090918282,0,0,0.0,0.0
1706090918297,0,0,0.0,0.0
1706090918314,0,0,0.0,0.0
1706090918329,0,0,0.0,0.0
1706090918347,0,0,0.0,0.0
1706090918362,0,0,0.0,0.0
1706090918377,0,0,0.0,0.0
1706090918395,0,0,0.0,0.0
1706090918409,0,0,0.0,0.0
1706090918427,0,0,0.0,0.0
1706090918444,0,0,0.0,0.0
1706090918459,0,0,0.0,0.0
1706090918477,0,0,0.0,0.0
1706090918495,0,0,0.0,0.0
1706090918509,0,0,0.0,0.0
1706090918526,0,0,0.0,0.0
1706090918541,0,0,0.0,0.0
1706090918556,0,0,0.0,0.0
1706090918574,0,0,0.0,0.0
1706090918589,0,0,0.0,0.0
1706090918606,0,0,0.0,0.0
1706090918621,0,0,0.0,0.0
1706090918639,0,0,0.0,0.0
1706090918653,0,0,0.0,0.0
1706090918671,0,0,0.0,0.0
1706090918685,0,0,0.0,0.0
1706090918703,0,0,0.0,0.0
1706090918718,0,0,0.0,0.0
1706090918735,0,0,0.0,0.0
1706090918754,0,0,0.0,0.0
1706090918769,0,0,0.0,0.0
1706090918783,0,0,0.0,0.0
1706090918801,0,0,0.0,0.0
1706090918818,0,0,0.0,0.0
1706090918832,0,0,0.0,0.0
1706090918848,0,0,0.0,0.0
1706090918865,0,0,0.0,0.0
1706090918883,0,0,0.0,0.0
1706090918903,0,0,0.0,0.0
1706090918915,0,0,0.0,0.0
1706090918933,0,0,0.0,0.0
1706090918951,0,0,0.0,0.0
1706090918963,0,0,0.0,0.0
1706090918983,0,0,0.0,0.0
1706090918997,0,0,0.0,0.0
1706090919013,0,0,0.0,0.0
1706090919031,0,0,0.0,0.0
1706090919048,0,0,0.0,0.0
1706090919063,0,0,0.0,0.0
1706090919080,0,0,0.0,0.0
1706090919095,0,0,0.0,0.0
1706090919113,0,0,0.0,0.0
1706090919131,0,0,0.0,0.0
1706090919143,0,0,0.0,0.0
1706090919161,0,0,0.0,0.0
1706090919175,0,0,0.0,0.0
1706090919192,0,0,0.0,0.0
1706090919209,0,0,0.0,0.0
1706090919224,0,0,0.0,0.0
1706090919242,0,0,0.0,0.0
1706090919257,0,0,0.0,0.0
1706090919278,0,0,0.0,0.0
1706090919290,0,0,0.0,0.0
1706090919307,0,0,0.0,0.0
1706090919322,0,0,0.0,0.0
1706090919340,0,0,0.0,0.0
1706090919355,0,0,0.0,0.0
1706090919372,0,0,0.0,0.0
1706090919387,0,0,0.0,0.0
1706090919402,0,0,0.0,0.0
1706090919423,0,0,0.0,0.0
1706090919435,0,0,0.0,0.0
1706090919450,0,0,0.0,0.0
1706090919467,0,0,0.0,0.0
1706090919484,0,0,0.0,0.0
1706090919503,0,0,0.0,0.0
1706090919517,0,0,0.0,0.0
1706090919532,0,0,0.0,0.0
1706090919547,0,0,0.0,0.0
1706090919571,0,0,0.0,0.0
1706090919579,0,0,0.0,0.0
1706090919597,0,0,0.0,0.0
1706090919615,0,0,0.0,0.0
1706090919630,0,0,0.0,0.0
1706090919646,0,0,0.0,0.0
1706090919666,0,0,0.0,0.0
1706090919680,0,0,0.0,0.0
1706090919695,0,0,0.0,0.0
1706090919710,0,0,0.0,0.0
1706090919730,0,0,0.0,0.0
1706090919742,0,0,0.0,0.0
1706090919760,0,0,0.0,0.0
1706090919775,0,0,0.0,0.0
1706090919793,0,0,0.0,0.0
1706090919808,0,0,0.0,0.0
1706090919829,0,0,0.0,0.0
1706090919841,0,0,0.0,0.0
1706090919858,0,0,0.0,0.0
1706090919875,0,0,0.0,0.0
1706090919890,0,0,0.0,0.0
1706090919905,0,0,0.0,0.0
1706090919923,0,0,0.0,0.0
1706090919937,0,0,0.0,0.0
1706090919954,0,0,0.0,0.0
1706090919972,0,0,0.0,0.0
1706090919987,0,0,0.0,0.0
1706090920002,0,0,0.0,0.0
1706090920026,0,0,0.0,0.0
1706090920035,0,0,0.0,0.0
1706090920053,0,0,0.0,0.0
1706090920068,0,0,0.0,0.0
1706090920085,0,0,0.0,0.0
1706090920102,0,0,0.0,0.0
1706090920120,0,0,0.0,0.0
1706090920135,0,0,0.0,0.0
1706090920150,0,0,0.0,0.0
1706090920164,0,0,0.0,0.0
1706090920183,0,0,0.0,0.0
1706090920198,0,0,0.0,0.0
1706090920213,0,0,0.0,0.0
1706090920231,0,0,0.0,0.0
1706090920247,0,0,0.0,0.0
1706090920262,0,0,0.0,0.0
1706090920280,0,0,0.0,0.0
1706090920295,0,0,0.0,0.0
1706090920312,0,0,0.0,0.0
1706090920329,0,0,0.0,0.0
1706090920344,0,0,0.0,0.0
1706090920358,0,0,0.0,0.0
1706090920376,0,0,0.0,0.0
1706090920393,0,0,0.0,0.0
1706090920410,0,0,0.0,0.0
1706090920427,0,0,0.0,0.0
1706090920442,0,0,0.0,0.0
1706090920456,0,0,0.0,0.0
1706090920478,0,0,0.0,0.0
1706090920490,0,0,0.0,0.0
1706090920507,0,0,0.0,0.0
1706090920522,0,0,0.0,0.0
1706090920540,0,0,0.0,0.0
1706090920555,0,0,0.0,0.0
1706090920573,0,0,0.0,0.0
1706090920588,0,0,0.0,0.0
1706090920603,0,0,0.0,0.0
1706090920623,0,0,0.0,0.0
1706090920635,0,0,0.0,0.0
1706090920652,0,0,0.0,0.0
1706090920669,0,0,0.0,0.0
1706090920684,0,0,0.0,0.0
1706090920702,0,0,0.0,0.0
1706090920723,0,0,0.0,0.0
1706090920737,0,0,0.0,0.0
1706090920755,0,0,0.0,0.0
1706090920770,0,0,0.0,0.0
1706090920785,0,0,0.0,0.0
1706090920800,0,0,0.0,0.0
1706090920815,0,0,0.0,0.0
1706090920833,0,0,0.0,0.0
1706090920848,0,0,0.0,0.0
1706090920868,3,0,4.058374,0.0
1706090920880,3,0,4.179448,0.0
1706090920898,3,0,4.168865,0.0
1706090920913,3,0,4.219706,0.0
1706090920928,3,0,4.372575,0.0
1706090920946,3,0,4.384888,0.0
1706090920961,3,0,4.424275,0.0
1706090920979,3,0,4.511186,0.0
1706090920993,3,0,4.5733,0.0
1706090921007,3,0,4.564918,0.0
1706090921025,3,0,4.375791,0.0
1706090921043,3,0,4.408278,0.0
1706090921058,3,0,4.389021,0.0
1706090921073,3,0,4.397239,0.0
1706090921088,3,0,4.576256,0.0
1706090921106,3,0,4.707965,0.0
1706090921123,3,0,4.768987,0.0
1706090921140,3,0,4.793337,0.0
1706090921155,3,0,4.989809,0.0
1706090921170,3,0,4.950651,0.0
1706090921188,3,0,4.835577,0.0
1706090921208,3,0,4.7788,0.0
1706090921219,3,0,4.700142,0.0
1706090921237,3,0,4.715323,0.0
1706090921254,3,0,4.93149,0.0
1706090921269,3,0,4.938907,0.0
1706090921286,3,0,5.11691,0.0
1706090921301,3,0,5.099637,0.0
1706090921319,3,0,5.067647,0.0
1706090921336,3,0,5.104803,0.0
1706090921356,3,0,5.215561,0.0
1706090921366,3,0,5.229952,0.0
1706090921383,3,0,5.113682,0.0
1706090921398,3,0,4.958597,0.0
1706090921413,3,0,4.783832,0.0
1706090921431,3,0,4.824929,0.0
1706090921449,3,0,4.947754,0.0
1706090921464,3,0,4.984575,0.0
1706090921479,3,0,5.135403,0.0
1706090921497,3,0,5.1329,0.0
1706090921512,3,0,5.621746,0.0
1706090921530,3,0,5.362587,0.0
1706090921545,3,0,5.395485,0.0
1706090921563,3,0,5.501528,0.0
1706090921578,3,0,5.243804,0.0
1706090921595,3,0,5.154519,0.0
1706090921610,3,0,7.534003,0.0
1706090921625,0,0,0.0,0.0
1706090921643,3,0,8.270389,0.0
1706090921658,0,0,0.0,0.0
1706090921673,0,0,0.0,0.0
1706090921688,0,0,0.0,0.0
1706090921707,0,0,0.0,0.0
1706090921727,0,0,0.0,0.0
1706090921738,0,0,0.0,0.0
1706090921753,0,0,0.0,0.0
1706090921771,0,0,0.0,0.0
1706090921789,0,0,0.0,0.0
1706090921803,3,0,3.595692,0.0
1706090921818,0,0,0.0,0.0
1706090921833,0,0,0.0,0.0
1706090921854,0,0,0.0,0.0
1706090921868,0,0,0.0,0.0
1706090921883,0,0,0.0,0.0
1706090921901,0,0,0.0,0.0
1706090921916,0,0,0.0,0.0
1706090921933,0,0,0.0,0.0
1706090921948,0,0,0.0,0.0
1706090921963,0,0,0.0,0.0
1706090921980,0,0,0.0,0.0
1706090921998,0,0,0.0,0.0
1706090922013,0,0,0.0,0.0
1706090922028,0,0,0.0,0.0
1706090922046,0,0,0.0,0.0
1706090922064,0,0,0.0,0.0
1706090922079,0,0,0.0,0.0
1706090922097,0,0,0.0,0.0
1706090922112,0,0,0.0,0.0
1706090922129,0,0,0.0,0.0
1706090922146,3,0,2.081907,0.0
1706090922164,3,0,1.861298,0.0
1706090922176,0,0,0.0,0.0
1706090922193,3,0,1.853305,0.0
1706090922208,0,0,0.0,0.0
1706090922225,0,0,0.0,0.0
1706090922240,0,0,0.0,0.0
1706090922258,0,0,0.0,0.0
1706090922276,0,0,0.0,0.0
1706090922290,0,0,0.0,0.0
1706090922304,0,0,0.0,0.0
1706090922322,0,0,0.0,0.0
1706090922337,0,0,0.0,0.0
1706090922352,0,0,0.0,0.0
1706090922370,0,0,0.0,0.0
1706090922385,0,0,0.0,0.0
1706090922400,0,0,0.0,0.0
1706090922420,0,0,0.0,0.0
1706090922435,0,0,0.0,0.0
1706090922450,0,0,0.0,0.0
1706090922470,0,0,0.0,0.0
1706090922485,0,0,0.0,0.0
1706090922500,0,0,0.0,0.0
1706090922518,0,0,0.0,0.0
1706090922533,0,0,0.0,0.0
1706090922548,0,0,0.0,0.0
1706090922566,0,0,0.0,0.0
1706090922581,0,0,0.0,0.0
1706090922596,0,0,0.0,0.0
1706090922614,0,0,0.0,0.0
1706090922632,0,0,0.0,0.0
1706090922647,0,0,0.0,0.0
1706090922662,0,0,0.0,0.0
1706090922677,0,0,0.0,0.0
1706090922694,0,0,0.0,0.0
